# timestamp workers_connected workers_init workers_idle workers_busy workers_able workers_joined workers_removed workers_released workers_idled_out workers_blocked workers_slow workers_lost tasks_waiting tasks_on_workers tasks_running tasks_with_results tasks_submitted tasks_dispatched tasks_done tasks_failed tasks_successful tasks_cancelled tasks_exhausted_attempts tasks_recovery time_send time_receive time_send_good time_receive_good time_status_msgs time_internal time_polling time_application time_scheduling time_execute time_execute_good time_execute_exhaustion bytes_sent bytes_received bandwidth capacity_tasks capacity_cores capacity_memory capacity_disk capacity_instantaneous capacity_weighted total_cores total_memory total_disk committed_cores committed_memory committed_disk max_cores max_memory max_disk min_cores min_memory min_disk inuse_cache
1789499218057083 0 0 0 0 0 0 0 0 0 0 0 0 0 0 0 0 0 0 0 0 0 0 0 0 0 0 0 0 0 0 0 0 0 0 0 0 0 0 1.000000 0 0 0 0 0 0 0 0 0 0 0 0 0 0 0 0 0 0 0
1789499218058386 0 0 0 0 0 0 0 0 0 0 0 0 0 0 0 0 0 0 0 0 0 0 0 0 0 0 0 0 0 0 0 0 0 0 0 0 0 0 1.000000 10 10 5120 10240 10 10 0 0 0 0 0 0 0 0 0 0 0 0 0
1789499223001508 4 0 4 0 4 4 0 0 0 0 0 0 140 0 0 0 140 0 0 0 0 0 0 0 0 10656 0 0 45468 151152 4653314 23471 0 0 0 0 0 0 1.000000 10 10 5120 10240 10 10 48 64000 100000 0 0 0 12 16000 25000 12 16000 25000 0
1789499226440140 5 0 0 5 5 5 0 0 0 0 0 0 130 9 9 0 140 10 1 0 1 0 0 0 3408559 12210 0 711 49243 161290 4664100 23578 3276305 3425448 3425448 0 100216 0 0.027939 10 10 5120 10240 10 10 60 80000 125000 54 9000 45013 12 16000 25000 12 16000 25000 1
1789499226641240 5 0 0 5 5 5 0 0 0 0 0 0 129 9 9 0 140 11 2 0 2 0 0 0 3605859 12716 0 1112 49415 161709 4664589 25631 3465840 7052794 7052794 0 100216 0 0.026412 1330 7980 1330000 6650000 1330 199 60 80000 125000 54 9000 45013 12 16000 25000 12 16000 25000 1
1789499229722265 5 0 0 5 5 5 0 0 0 0 0 0 128 9 9 0 140 12 3 0 3 0 0 0 6665404 13879 0 1726 52325 167878 4671764 27245 6405200 10321228 10321228 0 100216 0 0.014309 1134 6804 1134000 5670000 995 277 60 80000 125000 54 9000 45013 12 16000 25000 12 16000 25000 1
1789499230188347 5 0 0 5 5 5 0 0 0 0 0 0 127 9 9 0 140 13 4 0 4 0 0 0 7126446 14474 0 2190 52702 168795 4672857 28908 6848123 13864560 13864560 0 100216 0 0.013384 583 3498 583000 2915000 285 279 60 80000 125000 54 9000 45013 12 16000 25000 12 16000 25000 1
1789499235001551 5 0 0 5 5 5 0 0 0 0 0 0 126 10 10 0 140 14 4 0 4 0 0 0 11909257 15135 0 2190 56078 178407 4683979 30682 11446290 13864560 13864560 0 100216 0 0.008015 702 4212 702000 3510000 1733 352 60 80000 125000 60 10000 50013 12 16000 25000 12 16000 25000 1
1789499248718482 5 0 0 5 5 5 0 0 0 0 0 0 126 11 10 1 140 14 4 0 4 0 0 0 25547358 17052 0 2190 65581 204581 4714918 31031 24572603 32857592 13864560 0 100216 0 0.003739 702 4212 702000 3510000 1733 611 60 80000 125000 60 10000 50014 12 16000 25000 12 16000 25000 1
1789499248719221 5 0 0 5 5 5 0 0 0 0 0 0 126 9 9 0 140 14 5 0 5 0 0 0 25547358 17751 0 2804 65750 204590 4714918 31031 24572603 32857592 32857592 0 100216 0 0.003738 702 4212 702000 3510000 1733 722 60 80000 125000 54 9000 45013 12 16000 25000 12 16000 25000 1
1789499251992805 5 0 0 5 5 5 0 0 0 0 0 0 125 9 9 0 140 15 6 0 6 0 0 0 28799028 18750 0 3293 68245 211022 4722438 32916 27696429 61831734 61831734 0 100216 0 0.003316 1502 9012 1502000 7510000 8930 1523 60 80000 125000 54 9000 45011 12 16000 25000 12 16000 25000 1
1789499252109594 5 0 0 5 5 5 0 0 0 0 0 0 124 9 9 0 140 16 7 0 7 0 0 0 28910481 19138 0 3608 68370 211243 4722687 37145 27803479 90922587 90922587 0 100216 0 0.003304 2494 14964 2494000 12470000 9954 2727 60 80000 125000 54 9000 45011 12 16000 25000 12 16000 25000 1
1789499257002057 5 0 0 5 5 5 0 0 0 0 0 0 123 10 10 0 140 17 7 0 7 0 0 0 33770317 19755 0 3608 71816 220807 4733871 41113 32478069 90922587 90922587 0 100216 0 0.002828 3472 20832 3472000 17360000 20899 3636 60 80000 125000 60 10000 50011 12 16000 25000 12 16000 25000 1
1789499257281507 5 0 0 5 5 5 0 0 0 0 0 0 123 9 9 0 140 17 8 0 8 0 0 0 34047124 20520 0 4253 72082 221373 4734522 41301 32744563 125186392 125186392 0 100216 0 0.002805 3472 20832 3472000 17360000 20899 6099 60 80000 125000 54 9000 45009 12 16000 25000 12 16000 25000 1
1789499257399498 5 0 0 5 5 5 0 0 0 0 0 0 122 9 9 0 140 18 9 0 9 0 0 0 34162130 20994 0 4641 72209 221618 4734792 43052 32854998 159567848 159567848 0 100216 0 0.002796 4197 25182 4197000 20985000 9406 6423 60 80000 125000 54 9000 45009 12 16000 25000 12 16000 25000 1
1789499258357468 5 0 0 5 5 5 0 0 0 0 0 0 121 9 9 0 140 19 10 0 10 0 0 0 35112130 21847 0 5305 72970 223419 4736991 44646 33768472 194901544 194901544 0 100216 0 0.002720 4939 29634 4939000 24695000 13858 7149 60 80000 125000 54 9000 45007 12 16000 25000 12 16000 25000 1
1789499259257292 5 0 0 5 5 5 0 0 0 0 0 0 120 9 9 0 140 20 11 0 11 0 0 0 36004278 22581 0 5882 73640 225163 4739006 46399 34626475 231134488 231134488 0 100216 0 0.002653 5180 31080 5180000 25900000 6645 7101 60 80000 125000 54 9000 45007 12 16000 25000 12 16000 25000 1
1789499264001806 5 0 0 5 5 5 0 0 0 0 0 0 119 10 10 0 140 21 11 0 11 0 0 0 40719515 23302 0 5882 77053 234420 4749651 47983 39158990 231134488 231134488 0 100216 0 0.002346 5334 32004 5334000 26670000 6353 7064 60 80000 125000 60 10000 50007 12 16000 25000 12 16000 25000 1
1789499264557481 5 0 0 5 5 5 0 0 0 0 0 0 119 9 9 0 140 21 12 0 12 0 0 0 41271006 24100 0 6516 77521 235515 4750901 48160 39689311 272676606 272676606 0 100216 0 0.002314 5334 32004 5334000 26670000 6353 6964 60 80000 125000 54 9000 45005 12 16000 25000 12 16000 25000 1
1789499265923152 5 0 0 5 5 5 0 0 0 0 0 0 118 9 9 0 140 22 13 0 13 0 0 0 42626132 24945 0 7121 78512 238268 4754033 49930 40991323 308407414 308407414 0 100216 0 0.002241 5870 35220 5870000 29350000 13307 7584 60 80000 125000 54 9000 45005 12 16000 25000 12 16000 25000 1
1789499270001841 5 0 0 5 5 5 0 0 0 0 0 0 117 10 10 0 140 23 13 0 13 0 0 0 46679164 25466 0 7121 81456 246262 4763361 51613 44880411 308407414 308407414 0 100216 0 0.002046 6353 38118 6353000 31765000 17097 8060 60 80000 125000 60 10000 50005 12 16000 25000 12 16000 25000 1
1789499279784311 5 0 0 5 5 5 0 0 0 0 0 0 117 11 10 1 140 23 13 0 13 0 0 0 56400687 26807 0 7121 88571 269320 4785567 51822 54209894 336193859 308407414 0 100216 0 0.001694 6353 38118 6353000 31765000 17097 9350 60 80000 125000 60 10000 50006 12 16000 25000 12 16000 25000 1
1789499279784993 5 0 0 5 5 5 0 0 0 0 0 0 117 9 9 0 140 23 14 0 14 0 0 0 56400687 27456 0 7685 88695 269331 4785567 51822 54209894 336193859 336193859 0 100216 0 0.001694 6353 38118 6353000 31765000 17097 10106 60 80000 125000 54 9000 45005 12 16000 25000 12 16000 25000 1
1789499280040618 5 0 0 5 5 5 0 0 0 0 0 0 116 9 9 0 140 24 15 0 15 0 0 0 56652456 27969 0 8089 88937 269838 4786126 53641 54449780 364119670 364119670 0 100216 0 0.001686 6735 40410 6735000 33675000 20283 11559 60 80000 125000 54 9000 45005 12 16000 25000 12 16000 25000 1
1789499281313124 5 0 0 5 5 5 0 0 0 0 0 0 115 9 9 0 140 25 16 0 16 0 0 0 57914958 28816 0 8698 89901 272348 4789067 55318 55657933 422416245 422416245 0 100216 0 0.001649 7135 42810 7135000 35675000 24890 12860 60 80000 125000 54 9000 45005 12 16000 25000 12 16000 25000 2
1789499284522110 5 0 0 5 5 5 0 0 0 0 0 0 114 9 9 0 140 26 17 0 17 0 0 0 61102545 29901 0 9329 92251 278611 4796484 57097 58707665 458214704 458214704 0 100216 0 0.001563 7868 47208 7868000 39340000 21983 13751 60 80000 125000 54 9000 45005 12 16000 25000 12 16000 25000 2
1789499284646816 5 0 0 5 5 5 0 0 0 0 0 0 113 9 9 0 140 27 18 0 18 0 0 0 61224196 30389 0 9740 92377 278861 4796767 58893 58823017 476934470 476934470 0 100216 0 0.001560 8166 48996 8166000 40830000 14787 13853 60 80000 125000 54 9000 45005 12 16000 25000 12 16000 25000 2
1789499289002081 5 0 0 5 5 5 0 0 0 0 0 0 112 10 10 0 140 28 18 0 18 0 0 0 65551639 30988 0 9740 95412 287723 4806991 60596 62960411 476934470 476934470 0 100216 0 0.001457 8195 49170 8195000 40975000 8957 13609 60 80000 125000 60 10000 50005 12 16000 25000 12 16000 25000 2
1789499291788506 5 0 0 5 5 5 0 0 0 0 0 0 112 9 9 0 140 28 19 0 19 0 0 0 68320810 32096 0 10371 97462 293252 4813467 60701 65609201 511319528 511319528 0 100216 0 0.001398 8195 49170 8195000 40975000 8957 12947 60 80000 125000 54 9000 45005 12 16000 25000 12 16000 25000 2
1789499291822806 5 0 0 5 5 5 0 0 0 0 0 0 111 9 9 0 140 29 20 0 20 0 0 0 68352633 32575 0 10782 97529 293332 4813555 62411 65639540 545856713 545856713 0 100216 0 0.001398 8463 50778 8463000 42315000 15510 13198 60 80000 125000 54 9000 45005 12 16000 25000 12 16000 25000 2
1789499295132968 5 0 0 5 5 5 0 0 0 0 0 0 110 9 9 0 140 30 21 0 21 0 0 0 71641031 33676 0 11402 99904 299818 4821224 64046 68784162 581728108 581728108 0 100216 0 0.001333 8712 52272 8712000 43560000 15440 13418 60 80000 125000 54 9000 45005 12 16000 25000 12 16000 25000 2
1789499296043182 5 0 0 5 5 5 0 0 0 0 0 0 109 9 9 0 140 31 22 0 22 0 0 0 72543354 34449 0 11966 100615 301588 4823365 65848 69646530 613209055 613209055 0 100216 0 0.001317 8921 53526 8921000 44605000 14051 13510 60 80000 125000 54 9000 45005 12 16000 25000 12 16000 25000 2
1789499297988650 5 0 0 5 5 5 0 0 0 0 0 0 108 9 9 0 140 32 23 0 23 0 0 0 74474753 35401 0 12601 102082 305545 4827895 67540 71492085 652836025 652836025 0 100216 0 0.001283 9013 54078 9013000 45065000 11113 13278 60 80000 125000 54 9000 45005 12 16000 25000 12 16000 25000 2
1789499298587764 5 0 0 5 5 5 0 0 0 0 0 0 107 9 9 0 140 33 24 0 24 0 0 0 75068040 36020 0 13076 102506 306750 4829288 69262 72059316 656287093 656287093 0 100216 0 0.001273 9277 55662 9277000 46385000 16986 13641 60 80000 125000 54 9000 45005 12 16000 25000 12 16000 25000 2
1789499303001942 5 0 0 5 5 5 0 0 0 0 0 0 106 10 10 0 140 34 24 0 24 0 0 0 79454695 36582 0 13076 105629 315357 4839419 71056 76252065 656287093 656287093 0 100216 0 0.001202 9096 54576 9096000 45480000 1941 13056 60 80000 125000 60 10000 50005 12 16000 25000 12 16000 25000 2
1789499308068351 5 0 0 5 5 5 0 0 0 0 0 0 106 11 10 1 140 34 24 0 24 0 0 0 84491858 37252 0 13076 109184 325054 4850928 71200 81066639 684312323 656287093 0 100216 0 0.001131 9096 54576 9096000 45480000 1941 11973 60 80000 125000 60 10000 50006 12 16000 25000 12 16000 25000 2
1789499308068997 5 0 0 5 5 5 0 0 0 0 0 0 106 9 9 0 140 34 25 0 25 0 0 0 84491858 37870 0 13617 109283 325062 4850928 71200 81066639 684312323 684312323 0 100216 0 0.001131 9096 54576 9096000 45480000 1941 10996 60 80000 125000 54 9000 45005 12 16000 25000 12 16000 25000 2
1789499308078331 5 0 0 5 5 5 0 0 0 0 0 0 105 9 9 0 140 35 26 0 26 0 0 0 84499065 38207 0 13891 109329 325089 4850949 72877 81073370 712601440 712601440 0 100216 0 0.001131 9313 55878 9313000 46565000 21072 12434 60 80000 125000 54 9000 45005 12 16000 25000 12 16000 25000 2
1789499308922554 5 0 0 5 5 5 0 0 0 0 0 0 104 9 9 0 140 36 27 0 27 0 0 0 85336039 38949 0 14451 109973 326733 4852871 74511 81872674 725476951 725476951 0 100216 0 0.001119 9407 56442 9407000 47035000 12446 12436 60 80000 125000 54 9000 45005 12 16000 25000 12 16000 25000 2
1789499313002022 5 0 0 5 5 5 0 0 0 0 0 0 103 10 10 0 140 37 27 0 27 0 0 0 89389736 39480 0 14451 112871 334908 4862290 76163 85739797 725476951 725476951 0 100216 0 0.001069 9330 55980 9330000 46650000 6419 12136 60 80000 125000 60 10000 50005 12 16000 25000 12 16000 25000 2
1789499316525206 5 0 0 5 5 5 0 0 0 0 0 0 103 9 9 0 140 37 28 0 28 0 0 0 92891533 40631 0 15093 115413 341826 4870396 76304 89080557 744009655 744009655 0 100216 0 0.001028 9330 55980 9330000 46650000 6419 11580 60 80000 125000 54 9000 45005 12 16000 25000 12 16000 25000 2
1789499320519479 5 0 0 5 5 5 0 0 0 0 0 0 102 9 9 0 140 38 29 0 29 0 0 0 96859617 41829 0 15709 118262 349711 4879702 78193 92865916 780001867 780001867 0 100216 0 0.000986 9334 56004 9334000 46670000 9480 11282 60 80000 125000 54 9000 45005 12 16000 25000 12 16000 25000 2
1789499320553175 5 0 0 5 5 5 0 0 0 0 0 0 101 9 9 0 140 39 30 0 30 0 0 0 96890758 42287 0 16101 118326 349779 4879780 80026 92895405 815904617 815904617 0 100216 0 0.000986 9407 56442 9407000 47035000 11224 11278 60 80000 125000 54 9000 45005 12 16000 25000 12 16000 25000 2
1789499325564716 5 0 0 5 5 5 0 0 0 0 0 0 100 10 10 0 140 40 30 0 30 0 0 0 96896080 42297 0 16101 118342 349802 9884230 81667 92899905 815904617 815904617 0 100216 0 0.000986 9634 57804 9634000 48170000 20273 11728 60 80000 125000 60 10000 50005 12 16000 25000 12 16000 25000 2
1789499325851734 5 0 0 5 5 5 0 0 0 0 0 0 100 9 9 0 140 40 31 0 31 0 0 0 96896771 43002 0 16718 118433 349816 10169515 81862 92900469 849963281 849963281 0 100216 0 0.000986 9634 57804 9634000 48170000 20273 12948 60 80000 125000 54 9000 45005 12 16000 25000 12 16000 25000 2
1789499325853918 5 0 1 4 5 5 0 0 0 0 0 0 100 8 8 0 140 40 32 0 32 0 0 0 96896771 43401 0 17048 118484 349823 10169518 83567 92900469 883990890 883990890 0 100216 0 0.000986 9729 58374 9729000 48645000 12733 12928 60 80000 125000 48 8000 40005 12 16000 25000 12 16000 25000 2
1789499327072649 5 0 0 5 5 5 0 0 0 0 0 0 99 8 8 0 140 41 33 0 33 0 0 0 96903881 44050 0 17607 118678 349850 11378674 85138 92905313 929746363 929746363 0 102292 0 0.001006 9923 59538 9923000 49615000 19761 13595 60 80000 125000 54 23000 40014 12 16000 25000 12 16000 25000 3
1789499330087050 5 0 1 4 5 5 0 0 0 0 0 0 98 8 8 0 140 42 34 0 34 0 0 0 96907693 44158 0 17622 118781 349883 14387209 86926 92908485 933970085 933970085 0 102292 0 0.001006 10194 61164 10194000 50970000 21624 14379 60 80000 125000 48 8000 40006 12 16000 25000 12 16000 25000 3
1789499334014337 5 0 1 4 5 5 0 0 0 0 0 0 97 8 8 0 140 43 35 0 35 0 0 0 98044936 44279 0 17655 118933 349909 17176783 87071 92911602 936757103 936757103 0 1248830884 0 12.141783 9443 58325 13609030 47215000 549 13032 60 80000 125000 48 8000 41197 12 16000 25000 12 16000 25000 1195
1789499335269171 5 0 0 5 5 5 0 0 0 0 0 0 96 8 8 0 140 44 36 0 36 0 0 0 98049816 45009 0 18292 119078 349933 18425551 87329 92913942 973434118 973434118 0 1248852889 0 12.141302 757 4802 1405858 4063041 3 11175 60 80000 125000 54 23000 54053 12 16000 25000 12 16000 25000 1195
1789499335918776 5 0 1 4 5 5 0 0 0 0 0 0 95 8 8 0 140 45 37 0 37 0 0 0 98051947 47718 0 20922 119171 349947 19068283 89231 92915764 975331602 975331602 0 1248852889 0 12.140703 785 4972 1439167 4205316 15181 11567 60 80000 125000 48 8000 41197 12 16000 25000 12 16000 25000 1195
1789499336431556 5 0 0 5 5 5 0 0 0 0 0 0 94 8 8 0 140 46 38 0 38 0 0 0 98056727 48344 0 21466 119264 349967 19575427 89326 92918466 1003681269 1003681269 0 1248868633 0 12.140187 782 5073 1733082 4453380 291 10469 60 80000 125000 54 23000 54053 12 16000 25000 12 16000 25000 1195
1789499336459672 5 0 0 5 5 5 0 0 0 0 0 0 93 8 8 0 140 47 39 0 39 0 0 0 98058720 48733 0 21787 119310 349980 19599372 91034 92920172 1032068691 1032068691 0 1248868633 0 12.139893 804 5205 1756106 4563965 16247 11033 60 80000 125000 54 23000 54053 12 16000 25000 12 16000 25000 1195
1789499338748943 5 0 0 5 5 5 0 0 0 0 0 0 92 8 8 0 140 48 40 0 40 0 0 0 98061522 49493 0 22452 119401 354692 21878608 92681 92922388 1035538147 1035538147 0 1248868633 0 12.139452 825 5331 1776924 4668861 20133 12332 60 80000 125000 54 23000 54053 12 16000 25000 12 16000 25000 1195
1789499342717366 5 0 0 5 5 5 0 0 0 0 0 0 91 8 8 0 140 49 41 0 41 0 0 0 98065261 50270 0 23137 119526 354721 25840481 94532 92925401 1069328792 1069328792 0 1248868633 0 12.138893 823 5309 1748875 4643979 422 11172 60 80000 125000 54 23000 54053 12 16000 25000 12 16000 25000 1195
1789499347730189 5 0 0 5 5 5 0 0 0 0 0 0 90 9 9 0 140 50 41 0 41 0 0 0 98070985 50280 0 23137 119987 354748 30845010 96548 92929600 1069328792 1069328792 0 1248868633 0 12.138184 848 5461 1778732 4771753 14459 11494 60 80000 125000 60 24000 59051 12 16000 25000 12 16000 25000 1195
1789499348345702 5 0 0 5 5 5 0 0 0 0 0 0 90 8 8 0 140 50 42 0 42 0 0 0 98071457 50960 0 23734 120059 354761 31459160 96649 92930016 1090597229 1090597229 0 1248868633 0 12.138041 848 5461 1778732 4771753 14459 11918 60 80000 125000 54 23000 54051 12 16000 25000 12 16000 25000 1195
1789499351179144 5 0 0 5 5 5 0 0 0 0 0 0 89 8 8 0 140 51 43 0 43 0 0 0 98075041 51676 0 24348 120151 354786 34286515 98295 92932461 1125246600 1125246600 0 1248868633 0 12.137509 863 5548 1787643 4843275 8063 11543 60 80000 125000 54 23000 54051 12 16000 25000 12 16000 25000 1195
1789499351516129 5 0 0 5 5 5 0 0 0 0 0 0 88 8 8 0 140 52 44 0 44 0 0 0 98076517 52315 0 24895 120244 354802 34619333 100215 92933668 1140327900 1140327900 0 1248868633 0 12.137248 889 5707 1819349 4976535 13955 11779 60 80000 125000 54 23000 54051 12 16000 25000 12 16000 25000 1195
1789499356526086 5 0 0 5 5 5 0 0 0 0 0 0 87 9 9 0 140 53 44 0 44 0 0 0 98080149 52322 0 24895 120259 354823 39623753 102003 92936532 1140327900 1140327900 0 1248868633 0 12.136798 900 5769 1820455 5025882 11009 11741 60 80000 125000 60 24000 59051 12 16000 25000 12 16000 25000 1195
1789499364631710 5 0 0 5 5 5 0 0 0 0 0 0 87 10 9 1 140 53 44 0 44 0 0 0 98084577 52336 0 24895 120324 354850 47724509 102270 92940161 1168497063 1140327900 0 1248868633 0 12.136248 900 5769 1820455 5025882 11009 11638 60 80000 125000 60 24000 59052 12 16000 25000 12 16000 25000 1195
1789499364632326 5 0 0 5 5 5 0 0 0 0 0 0 87 8 8 0 140 53 45 0 45 0 0 0 98084577 52922 0 25400 120376 354859 47724509 102270 92940161 1168497063 1168497063 0 1248868633 0 12.136176 900 5769 1820455 5025882 11009 11578 60 80000 125000 54 23000 54051 12 16000 25000 12 16000 25000 1195
1789499366188992 5 0 0 5 5 5 0 0 0 0 0 0 86 8 8 0 140 54 46 0 46 0 0 0 98086835 53612 0 26008 120446 354878 49276319 104070 92942081 1214162464 1214162464 0 1248868633 0 12.135811 921 5895 1842000 5131193 16899 12098 60 80000 125000 54 23000 54051 12 16000 25000 12 16000 25000 1195
1789499366824548 5 0 0 5 5 5 0 0 0 0 0 0 85 8 8 0 140 55 47 0 47 0 0 0 98088673 54364 0 26623 120522 354897 49907288 105947 92943614 1260429767 1260429767 0 1248868633 0 12.135491 955 6104 1889240 5308757 21736 13038 60 80000 125000 54 23000 54051 12 16000 25000 12 16000 25000 1195
1789499369731608 5 0 0 5 5 5 0 0 0 0 0 0 84 8 8 0 140 56 48 0 48 0 0 0 98091598 55038 0 27207 120622 354920 52806364 110187 92945967 1263967974 1263967974 0 1248868633 0 12.135046 990 6320 1937873 5491546 21050 14182 60 80000 125000 54 23000 54051 12 16000 25000 12 16000 25000 1195
1789499370473901 5 0 0 5 5 5 0 0 0 0 0 0 83 8 8 0 140 57 49 0 49 0 0 0 98093374 55673 0 27767 120685 354936 53542110 114223 92947448 1267610674 1267610674 0 1248868633 0 12.134748 991 6318 1920063 5485800 1507 12947 60 80000 125000 54 23000 54051 12 16000 25000 12 16000 25000 1195
1789499373947871 5 0 0 5 5 5 0 0 0 0 0 0 82 8 8 0 140 58 50 0 50 0 0 0 98096571 56389 0 28391 120779 354962 57007853 118388 92950035 1302805402 1302805402 0 1248868633 0 12.134264 992 6317 1903021 5480492 1661 11847 60 80000 125000 54 23000 54051 12 16000 25000 12 16000 25000 1195
1789499378429146 5 0 0 5 5 5 0 0 0 0 0 0 81 9 9 0 140 59 50 0 50 0 0 0 98100189 56396 0 28391 120854 354984 61481055 122703 92952991 1302805402 1302805402 0 1248868633 0 12.133816 1017 6476 1950980 5618609 16219 12274 60 80000 125000 60 24000 59052 12 16000 25000 12 16000 25000 1196
1789499378436727 5 0 0 5 5 5 0 0 0 0 0 0 81 8 8 0 140 59 51 0 51 0 0 0 98100189 57142 0 29019 120879 354995 61487680 122854 92952991 1338512771 1338512771 0 1248868633 0 12.133724 1017 6476 1950980 5618609 16219 12660 60 80000 125000 54 23000 54051 12 16000 25000 12 16000 25000 1196
1789499379767435 5 0 0 5 5 5 0 0 0 0 0 0 80 8 8 0 140 60 52 0 52 0 0 0 98102503 57739 0 29524 120989 355035 62813386 124772 92954843 1366760458 1366760458 0 1248868633 0 12.133364 1037 6603 1989347 5729103 3688 11786 60 80000 125000 54 23000 54051 12 16000 25000 12 16000 25000 1196
1789499382839641 5 0 0 5 5 5 0 0 0 0 0 0 79 8 8 0 140 61 53 0 53 0 0 0 98105584 58405 0 30093 121072 355069 65879806 126671 92957359 1401249915 1401249915 0 1248868633 0 12.132901 1065 6782 2043062 5883794 17834 12650 60 80000 125000 54 23000 54051 12 16000 25000 12 16000 25000 1196
1789499386282056 5 0 0 5 5 5 0 0 0 0 0 0 78 8 8 0 140 62 54 0 54 0 0 0 98108707 59103 0 30686 121176 355099 69316451 128460 92959857 1436348215 1436348215 0 1248868633 0 12.132429 1089 6935 2089103 6016387 13015 12687 60 80000 125000 54 23000 54051 12 16000 25000 12 16000 25000 1196
1789499388638765 5 0 0 5 5 5 0 0 0 0 0 0 77 8 8 0 140 63 55 0 55 0 0 0 98111271 59825 0 31317 121266 355120 71667902 130292 92961945 1455248866 1455248866 0 1248868633 0 12.132022 1101 7011 2112123 6082683 14051 12883 60 80000 125000 54 23000 54051 12 16000 25000 12 16000 25000 1196
1789499392788252 5 0 0 5 5 5 0 0 0 0 0 0 76 8 8 0 140 64 56 0 56 0 0 0 98114708 60436 0 31831 121374 355148 75811325 132128 92964708 1483401096 1483401096 0 1248868633 0 12.131522 1094 6966 2098694 6044010 8316 12439 60 80000 125000 54 23000 54051 12 16000 25000 12 16000 25000 1196
1789499395023579 5 0 1 4 5 5 0 0 0 0 0 0 75 8 8 0 140 65 57 0 57 0 0 0 98116870 62432 0 33715 121442 355170 78040541 133963 92966443 1542451962 1542451962 0 1248868633 0 12.131008 1093 6960 2096776 6038485 16493 13018 60 80000 125000 48 8000 41197 12 16000 25000 12 16000 25000 1196
1789499395638178 5 0 0 5 5 5 0 0 0 0 0 0 74 8 8 0 140 66 58 0 58 0 0 0 98121535 62961 0 34167 121617 355199 78178176 605504 92969450 1545296413 1545296413 0 1248870709 0 12.130387 1070 6945 2380205 6192118 1100 11857 60 80000 125000 54 23000 41206 12 16000 25000 12 16000 25000 1196
1789499398830638 5 0 0 5 5 5 0 0 0 0 0 0 73 8 8 0 140 67 59 0 59 0 0 0 98124511 63566 0 34674 121729 359509 81360993 607013 92971799 1548485535 1548485535 0 1248870709 0 12.129944 1046 6789 2326817 6053229 834 10286 60 80000 125000 54 23000 41206 12 16000 25000 12 16000 25000 1196
1789499403523441 5 0 0 5 5 5 0 0 0 0 0 0 72 9 9 0 140 68 59 0 59 0 0 0 98127978 63576 0 34674 121824 359527 86048278 608887 92974694 1548485535 1548485535 0 1248870709 0 12.129515 1024 6646 2277878 5925915 1984 9477 60 80000 125000 60 24000 46207 12 16000 25000 12 16000 25000 1196
1789499404855138 5 0 1 4 5 5 0 0 0 0 0 0 72 8 8 0 140 68 60 0 60 0 0 0 98128804 63700 0 34700 121939 359545 87378792 608963 92975347 1552821054 1552821054 0 1248870709 0 12.129398 1024 6646 2277878 5925915 1984 8748 60 80000 125000 48 8000 41198 12 16000 25000 12 16000 25000 1197
1789499406256393 5 0 0 5 5 5 0 0 0 0 0 0 71 8 8 0 140 69 61 0 61 0 0 0 99353570 64435 0 35340 122086 359569 87554185 609129 92977373 1588597044 1588597044 0 2592394747 0 24.867732 209 1382 528898 1209489 1 7502 60 80000 125000 54 23000 55655 12 16000 25000 12 16000 25000 2478
1789499407756172 5 0 0 5 5 5 0 0 0 0 0 0 70 8 8 0 140 70 62 0 62 0 0 0 99355547 65078 0 35891 122194 359591 89049330 610989 92978921 1616582121 1616582121 0 2592394747 0 24.867077 208 1376 526368 1203702 16750 8405 60 80000 125000 54 23000 55655 12 16000 25000 12 16000 25000 2478
1789499408926167 5 0 1 4 5 5 0 0 0 0 0 0 69 8 8 0 140 71 63 0 63 0 0 0 99357445 65187 0 35906 122281 359608 90215527 612652 92980461 1619424130 1619424130 0 2592394747 0 24.866575 207 1369 523837 1197915 18044 9345 60 80000 125000 48 8000 42480 12 16000 25000 12 16000 25000 2479
1789499410694841 5 0 1 4 5 5 0 0 0 0 0 0 68 8 8 0 140 72 64 0 64 0 0 0 99361382 67993 0 38615 122453 359636 91977114 612775 92982013 1621185962 1621185962 0 2592416752 0 24.865099 170 1145 482245 1025056 3 8435 60 80000 125000 48 8000 42480 12 16000 25000 12 16000 25000 2479
1789499414010546 5 0 0 5 5 5 0 0 0 0 0 0 67 8 8 0 140 73 65 0 65 0 0 0 99366291 68691 0 39193 122587 359667 95286831 612961 92984455 1636362581 1636362581 0 2592432496 0 24.863848 167 1146 524858 1047498 268 7272 60 80000 125000 54 23000 54375 12 16000 25000 12 16000 25000 2479
1789499419020359 5 0 0 5 5 5 0 0 0 0 0 0 66 9 9 0 140 74 65 0 65 0 0 0 99369795 68701 0 39193 122604 359691 100291271 614716 92986944 1636362581 1636362581 0 2592432496 0 24.862969 161 1104 506000 1009863 13005 7559 60 80000 125000 60 24000 59375 12 16000 25000 12 16000 25000 2479
1789499424214344 5 0 0 5 5 5 0 0 0 0 0 0 66 10 9 1 140 74 65 0 65 0 0 0 99372155 68710 0 39193 122676 359712 105482556 614897 92988817 1671934666 1636362581 0 2592432496 0 24.862377 161 1104 506000 1009863 13005 8337 60 80000 125000 60 24000 59376 12 16000 25000 12 16000 25000 2479
1789499424215111 5 0 0 5 5 5 0 0 0 0 0 0 66 8 8 0 140 74 66 0 66 0 0 0 99372155 69443 0 39844 122725 359722 105482556 614897 92988817 1671934666 1671934666 0 2592432496 0 24.862194 161 1104 506000 1009863 13005 8793 60 80000 125000 54 23000 54375 12 16000 25000 12 16000 25000 2479
1789499428697729 5 0 0 5 5 5 0 0 0 0 0 0 65 8 8 0 140 75 67 0 67 0 0 0 99375232 70121 0 40426 122821 359761 109959303 616856 92991220 1722191604 1722191604 0 2592432496 0 24.861255 161 1104 506000 1009863 16010 9497 60 80000 125000 54 23000 54375 12 16000 25000 12 16000 25000 2479
1789499429456375 5 0 0 5 5 5 0 0 0 0 0 0 64 8 8 0 140 76 68 0 68 0 0 0 99376648 70759 0 40976 122882 359774 110714146 618506 92992352 1768804453 1768804453 0 2592432496 0 24.860742 165 1132 518572 1034953 26452 11151 60 80000 125000 54 23000 54375 12 16000 25000 12 16000 25000 2479
1789499429558536 5 0 0 5 5 5 0 0 0 0 0 0 63 8 8 0 140 77 69 0 69 0 0 0 99377999 71436 0 41577 122945 359793 110812491 620189 92993459 1812076891 1812076891 0 2592432496 0 24.860235 167 1146 524858 1047498 24572 13067 60 80000 125000 54 23000 54375 12 16000 25000 12 16000 25000 2479
1789499431491916 5 0 0 5 5 5 0 0 0 0 0 0 62 8 8 0 140 78 70 0 70 0 0 0 99379756 72175 0 42223 123037 359813 112741733 621698 92994860 1869614003 1869614003 0 2592432496 0 24.859611 168 1152 528000 1053770 21454 13886 60 80000 125000 54 23000 54375 12 16000 25000 12 16000 25000 2479
1789499435062943 5 0 0 5 5 5 0 0 0 0 0 0 61 8 8 0 140 79 71 0 71 0 0 0 99382271 72947 0 42900 123146 359840 116307608 623401 92996831 1873180898 1873180898 0 2592432496 0 24.858789 171 1173 537429 1072588 23796 14853 60 80000 125000 54 23000 54375 12 16000 25000 12 16000 25000 2479
1789499436023016 5 0 0 5 5 5 0 0 0 0 0 0 60 8 8 0 140 80 72 0 72 0 0 0 99383369 73610 0 43464 123234 359852 117264048 625150 92997642 1901444609 1901444609 0 2592432496 0 24.858349 167 1146 524858 1047498 1612 12966 60 80000 125000 54 23000 54375 12 16000 25000 12 16000 25000 2479
1789499438446008 5 0 0 5 5 5 0 0 0 0 0 0 59 8 8 0 140 81 73 0 73 0 0 0 99385456 74348 0 44103 123333 359874 119682362 626858 92999276 1904823219 1904823219 0 2592432496 0 24.857643 165 1132 518572 1034953 22684 13914 60 80000 125000 54 23000 54375 12 16000 25000 12 16000 25000 2479
1789499442039977 5 0 0 5 5 5 0 0 0 0 0 0 58 8 8 0 140 82 74 0 74 0 0 0 99387909 75120 0 44776 123431 359903 123271206 628607 93001097 1940602588 1940602588 0 2592432496 0 24.856837 165 1132 518572 1034953 1373 12692 60 80000 125000 54 23000 54375 12 16000 25000 12 16000 25000 2479
1789499442407605 5 0 0 5 5 5 0 0 0 0 0 0 57 8 8 0 140 83 75 0 75 0 0 0 99389150 75764 0 45335 123488 359919 123635160 630302 93002085 1968995888 1968995888 0 2592432496 0 24.856366 166 1139 521715 1041225 16775 13276 60 80000 125000 54 23000 54375 12 16000 25000 12 16000 25000 2479
1789499447417020 5 0 0 5 5 5 0 0 0 0 0 0 56 9 9 0 140 84 75 0 75 0 0 0 99391810 75772 0 45335 123503 359936 128640249 631877 93004167 1968995888 1968995888 0 2592432496 0 24.855699 166 1139 521715 1041225 16124 13419 60 80000 125000 60 24000 59375 12 16000 25000 12 16000 25000 2479
1789499451058940 5 0 0 5 5 5 0 0 0 0 0 0 56 8 8 0 140 84 76 0 76 0 0 0 99393172 76432 0 45896 123582 359959 132279918 631981 93005173 1984028274 1984028274 0 2592432496 0 24.855194 166 1139 521715 1041225 16124 13806 60 80000 125000 54 23000 54375 12 16000 25000 12 16000 25000 2479
1789499456067904 5 0 0 5 5 5 0 0 0 0 0 0 55 9 9 0 140 85 76 0 76 0 0 0 99395745 76441 0 45896 123600 359978 137284515 633675 93007141 1984028274 1984028274 0 2592432496 0 24.854549 167 1146 524858 1047498 9699 13601 60 80000 125000 60 24000 59375 12 16000 25000 12 16000 25000 2479
1789499460222867 5 0 0 5 5 5 0 0 0 0 0 0 55 8 8 0 140 85 77 0 77 0 0 0 99397377 77213 0 46553 123705 364641 141432176 633771 93008404 2020031685 2020031685 0 2592432496 0 24.853948 167 1146 524858 1047498 9699 12878 60 80000 125000 54 23000 54376 12 16000 25000 12 16000 25000 2479
1789499465236046 5 0 0 5 5 5 0 0 0 0 0 0 54 9 9 0 140 86 77 0 77 0 0 0 99400878 77220 0 46553 124128 364665 146437211 637903 93011165 2020031685 2020031685 0 2592432496 0 24.853072 169 1159 531143 1060043 16577 13063 60 80000 125000 60 24000 59374 12 16000 25000 12 16000 25000 2479
1789499469459927 5 0 1 4 5 5 0 0 0 0 0 0 54 8 8 0 140 86 78 0 78 0 0 0 99402185 79201 0 48414 124192 364686 150657560 638023 93012140 2078756439 2078756439 0 2592432496 0 24.852250 169 1159 531143 1060043 16577 13565 60 80000 125000 48 8000 42482 12 16000 25000 12 16000 25000 2479
1789499470602655 5 0 0 5 5 5 0 0 0 0 0 0 53 8 8 0 140 87 79 0 79 0 0 0 99465272 79879 0 48915 124354 364700 151267856 1106486 93012831 2106948478 2106948478 0 2592434572 0 24.836351 171 1194 589776 1114089 1469 12387 60 80000 125000 54 23000 42491 12 16000 25000 12 16000 25000 2480
1789499473678696 5 0 0 5 5 5 0 0 0 0 0 0 52 8 8 0 140 88 80 0 80 0 0 0 99467247 80545 0 49485 124435 364729 154339476 1108128 93014366 2142177283 2142177283 0 2592434572 0 24.835692 170 1187 586327 1107574 25194 14215 60 80000 125000 54 23000 42491 12 16000 25000 12 16000 25000 2480
1789499474254867 5 0 1 4 5 5 0 0 0 0 0 0 51 8 8 0 140 89 81 0 81 0 0 0 99468586 80631 0 49499 124521 364744 154912404 1109827 93015178 2146439171 2146439171 0 2592434572 0 24.835336 170 1187 586327 1107574 18378 14622 60 80000 125000 48 8000 42482 12 16000 25000 12 16000 25000 2480
1789499477753619 5 0 0 5 5 5 0 0 0 0 0 0 50 8 8 0 140 90 82 0 82 0 0 0 100601474 81315 0 50092 124643 364770 157277350 1109890 93016788 2182149023 2182149023 0 3841163164 0 36.383762 165 1172 619592 1074998 67 13204 60 80000 125000 54 23000 55864 12 16000 25000 12 16000 25000 3671
1789499478068641 5 0 1 4 5 5 0 0 0 0 0 0 49 8 8 0 140 91 83 0 83 0 0 0 100602846 81398 0 50104 124704 364784 157588955 1111753 93017571 2184826309 2184826309 0 3841163164 0 36.383236 164 1165 615837 1068483 18995 14032 60 80000 125000 48 8000 43674 12 16000 25000 12 16000 25000 3672
1789499479331760 5 0 0 5 5 5 0 0 0 0 0 0 48 8 8 0 140 92 84 0 84 0 0 0 100606154 82024 0 50654 124782 364800 158847971 1111807 93018559 2213095863 2213095863 0 3841185169 0 36.382023 143 1016 536980 963766 3 12665 60 80000 125000 54 23000 54674 12 16000 25000 12 16000 25000 3672
1789499479856905 5 0 1 4 5 5 0 0 0 0 0 0 47 8 8 0 140 93 85 0 85 0 0 0 100607155 84629 0 53191 124839 364813 159367895 1113332 93019343 2214876987 2214876987 0 3841185169 0 36.380720 167 1166 575980 1081705 20956 13474 60 80000 125000 48 8000 43674 12 16000 25000 12 16000 25000 3672
1789499481240883 5 0 0 5 5 5 0 0 0 0 0 0 46 8 8 0 140 94 86 0 86 0 0 0 100610219 85456 0 53944 124929 364834 160747796 1113381 93020630 2218354815 2218354815 0 3841200913 0 36.379464 163 1158 612082 1092382 256 12187 60 80000 125000 54 23000 54674 12 16000 25000 12 16000 25000 3672
1789499481294997 5 0 0 5 5 5 0 0 0 0 0 0 45 8 8 0 140 95 87 0 87 0 0 0 100611160 86106 0 54527 124974 364846 160798605 1115018 93021343 2270189680 2270189680 0 3841200913 0 36.378889 163 1138 562184 1049621 472 11046 60 80000 125000 54 23000 54674 12 16000 25000 12 16000 25000 3672
1789499481441827 5 0 0 5 5 5 0 0 0 0 0 0 44 8 8 0 140 96 88 0 88 0 0 0 100612053 86553 0 54908 125016 364860 160942474 1116567 93022030 2322930143 2322930143 0 3841200913 0 36.378405 166 1159 572531 1068939 27282 12630 60 80000 125000 54 23000 54674 12 16000 25000 12 16000 25000 3672
1789499482186758 5 0 0 5 5 5 0 0 0 0 0 0 43 8 8 0 140 97 89 0 89 0 0 0 100612949 87217 0 55499 125075 364872 161684196 1118126 93022708 2375554633 2375554633 0 3841200913 0 36.377841 169 1180 582878 1088257 29268 14253 60 80000 125000 54 23000 54674 12 16000 25000 12 16000 25000 3672
1789499482223056 5 0 0 5 5 5 0 0 0 0 0 0 42 8 8 0 140 98 90 0 90 0 0 0 100613848 87827 0 56037 125123 364886 161717324 1119702 93023380 2378440905 2378440905 0 3841200913 0 36.377296 176 1229 607021 1133333 25721 15372 60 80000 125000 54 23000 54674 12 16000 25000 12 16000 25000 3672
1789499487230776 5 0 0 5 5 5 0 0 0 0 0 0 41 9 9 0 140 99 90 0 90 0 0 0 100615819 87835 0 56037 125138 364910 166721404 1121269 93024800 2378440905 2378440905 0 3841200913 0 36.376581 171 1194 589776 1101136 878 14648 60 80000 125000 60 24000 59674 12 16000 25000 12 16000 25000 3672
1789499496129967 5 0 0 5 5 5 0 0 0 0 0 0 41 10 9 1 140 99 90 0 90 0 0 0 100618018 87849 0 56037 125205 364937 175618024 1121464 93026426 2414335254 2378440905 0 3841200913 0 36.375782 171 1194 589776 1101136 878 12685 60 80000 125000 60 24000 59675 12 16000 25000 12 16000 25000 3672
1789499496130676 5 0 0 5 5 5 0 0 0 0 0 0 41 8 8 0 140 99 91 0 91 0 0 0 100618018 88523 0 56621 125262 364946 175618024 1121464 93026426 2414335254 2414335254 0 3841200913 0 36.375538 171 1194 589776 1101136 878 11535 60 80000 125000 54 23000 54674 12 16000 25000 12 16000 25000 3672
1789499498875317 5 0 0 5 5 5 0 0 0 0 0 0 40 8 8 0 140 100 92 0 92 0 0 0 100619407 89120 0 57126 125353 364968 178358778 1123228 93027434 2442604541 2442604541 0 3841200913 0 36.374821 173 1208 596674 1114015 3941 10796 60 80000 125000 54 23000 54674 12 16000 25000 12 16000 25000 3672
1789499500145217 5 0 0 5 5 5 0 0 0 0 0 0 39 8 8 0 140 101 93 0 93 0 0 0 100620609 89795 0 57708 125442 364986 179624923 1124974 93028264 2461505120 2461505120 0 3841200913 0 36.374143 172 1201 593225 1107575 19037 11973 60 80000 125000 54 23000 54674 12 16000 25000 12 16000 25000 3672
1789499505154444 5 0 0 5 5 5 0 0 0 0 0 0 38 9 9 0 140 102 93 0 93 0 0 0 100622421 89805 0 57708 125460 365012 184630516 1126659 93029518 2461505120 2461505120 0 3841200913 0 36.373485 173 1208 596674 1114015 9865 11868 60 80000 125000 60 24000 59674 12 16000 25000 12 16000 25000 3672
1789499508677285 5 0 0 5 5 5 0 0 0 0 0 0 38 8 8 0 140 102 94 0 94 0 0 0 100623305 90532 0 58338 125553 365032 188151500 1126763 93030176 2496499617 2496499617 0 3841200913 0 36.372903 173 1208 596674 1114015 9865 11583 60 80000 125000 54 23000 54675 12 16000 25000 12 16000 25000 3672
1789499510739911 5 0 0 5 5 5 0 0 0 0 0 0 37 8 8 0 140 103 95 0 95 0 0 0 100624647 91179 0 58888 125653 365055 190210328 1128425 93031138 2525013325 2525013325 0 3841200913 0 36.372185 174 1215 600123 1120454 16038 12018 60 80000 125000 54 23000 54675 12 16000 25000 12 16000 25000 3672
1789499512170816 5 0 0 5 5 5 0 0 0 0 0 0 36 8 8 0 140 104 96 0 96 0 0 0 100625729 91810 0 59429 125763 365077 191637606 1130185 93031894 2528495657 2528495657 0 3841200913 0 36.371566 172 1201 593225 1107575 21153 13322 60 80000 125000 54 23000 54675 12 16000 25000 12 16000 25000 3672
1789499513608988 5 0 0 5 5 5 0 0 0 0 0 0 35 8 8 0 140 105 97 0 97 0 0 0 100626708 92425 0 59958 125830 365093 193072444 1131821 93032589 2531358978 2531358978 0 3841200913 0 36.370991 166 1159 572531 1068939 375 12060 60 80000 125000 54 23000 54675 12 16000 25000 12 16000 25000 3672
1789499518159514 5 0 0 5 5 5 0 0 0 0 0 0 34 9 9 0 140 106 97 0 97 0 0 0 100628293 92432 0 59958 125894 365123 197619480 1133590 93033701 2531358978 2531358978 0 3841200913 0 36.370416 166 1159 572531 1068939 764 11496 60 80000 125000 60 24000 59676 12 16000 25000 12 16000 25000 3673
1789499518165534 5 0 0 5 5 5 0 0 0 0 0 0 34 8 8 0 140 106 98 0 98 0 0 0 100628293 93645 0 61061 125957 369731 197619490 1133691 93033701 2567328821 2567328821 0 3841200913 0 36.369978 166 1159 572531 1068939 764 9507 60 80000 125000 54 23000 54675 12 16000 25000 12 16000 25000 3673
1789499523176203 5 0 0 5 5 5 0 0 0 0 0 0 33 9 9 0 140 107 98 0 98 0 0 0 100630008 93656 0 61061 125974 369758 202624167 1137864 93034793 2567328821 2567328821 0 3841200913 0 36.369355 170 1187 586327 1094696 5052 9285 60 80000 125000 60 24000 59675 12 16000 25000 12 16000 25000 3673
1789499527004258 5 0 0 5 5 5 0 0 0 0 0 0 33 8 8 0 140 107 99 0 99 0 0 0 100630678 94331 0 61628 126070 369781 206450602 1137992 93035227 2595454385 2595454385 0 3841200913 0 36.368869 170 1187 586327 1094696 5052 8682 60 80000 125000 54 23000 54675 12 16000 25000 12 16000 25000 3673
1789499530927170 5 0 0 5 5 5 0 0 0 0 0 0 32 8 8 0 140 108 100 0 100 0 0 0 100632202 95039 0 62233 126164 369826 210367048 1142054 93036159 2644936117 2644936117 0 3841200913 0 36.368063 169 1180 582878 1088257 20396 9825 60 80000 125000 54 23000 54675 12 16000 25000 12 16000 25000 3673
1789499530998738 5 0 0 5 5 5 0 0 0 0 0 0 31 8 8 0 140 109 101 0 101 0 0 0 100633697 95744 0 62869 126213 369841 210432323 1146060 93036614 2663760511 2663760511 0 3841200913 0 36.367269 171 1194 589776 1101136 27084 12287 60 80000 125000 54 23000 54675 12 16000 25000 12 16000 25000 3673
1789499531608473 5 0 0 5 5 5 0 0 0 0 0 0 30 8 8 0 140 110 102 0 102 0 0 0 100634369 96338 0 63374 126284 369856 211036793 1149951 93037048 2714069914 2714069914 0 3841200913 0 36.366812 170 1187 586327 1094696 11273 12189 60 80000 125000 54 23000 54675 12 16000 25000 12 16000 25000 3673
1789499532166708 5 0 0 5 5 5 0 0 0 0 0 0 29 8 8 0 140 111 103 0 103 0 0 0 100635059 97013 0 63960 126375 369869 211589554 1153933 93037468 2750102288 2750102288 0 3841200913 0 36.366319 172 1201 593225 1107575 21658 13113 60 80000 125000 54 23000 54675 12 16000 25000 12 16000 25000 3673
1789499532347341 5 0 1 4 5 5 0 0 0 0 0 0 28 8 8 0 140 112 104 0 104 0 0 0 100635574 98948 0 65822 126426 369882 211763604 1157982 93037755 2802535808 2802535808 0 3841200913 0 36.365434 172 1201 593225 1107575 21538 13936 60 80000 125000 48 8000 43675 12 16000 25000 12 16000 25000 3673
1789499535997763 5 0 0 5 5 5 0 0 0 0 0 0 27 8 8 0 140 113 105 0 105 0 0 0 100639059 99616 0 66394 126696 369935 215046851 1520651 93039354 2838383920 2838383920 0 3841202989 0 36.363955 175 1243 657143 1166173 924 12668 60 80000 125000 54 23000 43686 12 16000 25000 12 16000 25000 3673
1789499537016946 5 0 1 4 5 5 0 0 0 0 0 0 27 7 7 0 140 113 106 0 106 0 0 0 100639447 99711 0 66408 126770 369952 216061443 1524643 93039644 2842681785 2842681785 0 3841202989 0 36.363781 176 1250 660898 1172837 14187 12886 60 80000 125000 42 7000 38676 12 16000 25000 12 16000 25000 3674
1789499540941723 5 0 1 4 5 5 0 0 0 0 0 0 26 7 7 0 140 114 107 0 107 0 0 0 101844346 99817 0 66426 126914 369975 218780901 1524768 93040246 2845400948 2845400948 0 5089931581 0 47.615644 170 1208 638368 1088256 484 11677 60 80000 125000 42 7000 39867 12 16000 25000 12 16000 25000 4865
1789499541586546 5 0 0 5 5 5 0 0 0 0 0 0 25 7 7 0 140 115 108 0 108 0 0 0 101847161 100438 0 66962 127005 369992 219422031 1524892 93040634 2873375236 2873375236 0 5089953586 0 47.614245 147 1062 597000 971337 3 10540 60 80000 125000 48 22000 49973 12 16000 25000 12 16000 25000 4865
1789499542786746 5 0 1 4 5 5 0 0 0 0 0 0 25 6 6 0 140 115 109 0 109 0 0 0 101847631 103019 0 69448 127098 370010 220614977 1528963 93040989 2875212991 2875212991 0 5089953586 0 47.612821 150 1084 609184 991160 22291 12218 60 80000 125000 36 6000 34867 12 16000 25000 12 16000 25000 4865
1789499547843281 5 0 0 5 5 5 0 0 0 0 0 0 24 7 7 0 140 116 109 0 109 0 0 0 101851221 103029 0 69448 127158 370034 225667616 1529109 93042130 2875212991 2875212991 0 5089969330 0 47.611287 343 2478 1393000 2337181 263 11621 60 80000 125000 48 22000 49973 12 16000 25000 12 16000 25000 4865
1789499553433251 5 0 0 5 5 5 0 0 0 0 0 0 24 8 7 1 140 116 109 0 109 0 0 0 101852326 103039 0 69448 127221 370055 231256180 1529262 93042856 2910475025 2875212991 0 5089969330 0 47.610766 343 2478 1393000 2337181 263 10003 60 80000 125000 48 22000 49974 12 16000 25000 12 16000 25000 4865
1789499553433974 5 0 0 5 5 5 0 0 0 0 0 0 24 6 6 0 140 116 110 0 110 0 0 0 101852326 103729 0 70060 127270 370064 231256180 1529262 93042856 2910475025 2910475025 0 5089969330 0 47.610444 343 2478 1393000 2337181 263 9054 60 80000 125000 42 21000 44973 12 16000 25000 12 16000 25000 4865
1789499554927635 5 0 1 4 5 5 0 0 0 0 0 0 24 5 5 0 140 116 111 0 111 0 0 0 101852786 104274 0 70514 127368 370082 232744698 1533257 93043187 2938392699 2938392699 0 5089969330 0 47.609974 343 2478 1393000 2337181 18065 9933 60 80000 125000 36 20000 39973 12 16000 25000 12 16000 25000 4865
1789499559469167 5 0 0 5 5 5 0 0 0 0 0 0 23 6 6 0 140 117 111 0 111 0 0 0 101855425 104280 0 70514 127541 370113 237279267 1537326 93044344 2938392699 2938392699 0 5089971406 0 47.608759 343 2478 1393000 2337181 20960 10485 60 80000 125000 48 36000 44982 12 16000 25000 12 16000 25000 4866
1789499559469548 5 0 1 4 5 5 0 0 0 0 0 0 23 5 5 0 140 117 112 0 112 0 0 0 101855425 104384 0 70530 127569 370125 237279390 1537418 93044344 2942926061 2942926061 0 5089971406 0 47.608710 343 2478 1393000 2337181 20960 11980 60 80000 125000 36 20000 39974 12 16000 25000 12 16000 25000 4866
1789499564429304 5 0 0 5 5 5 0 0 0 0 0 0 22 6 6 0 140 118 112 0 112 0 0 0 103800441 104393 0 70530 127624 370150 240293916 1537503 93044978 2942926061 2942926061 0 6670453157 0 61.223714 502 3627 2038735 3298755 1046 11434 60 80000 125000 48 36000 60607 12 16000 25000 12 16000 25000 6373
1789499564460836 5 0 1 4 5 5 0 0 0 0 0 0 22 5 5 0 140 118 113 0 113 0 0 0 103800552 104490 0 70545 127693 370161 240325045 1537586 93045067 2945960369 2945960369 0 6670453157 0 61.223592 502 3627 2038735 3298755 1046 10422 60 80000 125000 36 20000 41482 12 16000 25000 12 16000 25000 6375
1789499566541503 5 0 1 4 5 5 0 0 0 0 0 0 21 5 5 0 140 119 114 0 114 0 0 0 103803308 107507 0 73473 127810 370183 242399687 1537669 93045582 2948035094 2948035094 0 6670475162 0 61.220392 289 2088 1173694 1903357 2 9407 60 80000 125000 36 20000 41482 12 16000 25000 12 16000 25000 6375
1789499566588213 5 0 1 4 5 5 0 0 0 0 0 0 20 5 5 0 140 120 115 0 115 0 0 0 103805331 108112 0 74005 127894 370199 242443483 1537833 93046023 2983618763 2983618763 0 6670490906 0 61.218988 286 2102 1249062 1957236 363 8118 60 80000 125000 42 35000 54101 12 16000 25000 12 16000 25000 6375
1789499569401008 5 0 1 4 5 5 0 0 0 0 0 0 19 5 5 0 140 121 116 0 116 0 0 0 103807302 108741 0 74540 128125 370238 245249437 1541773 93046824 3020846994 3020846994 0 6670492982 0 61.217476 286 2102 1249062 1957236 20895 9364 60 80000 125000 48 50000 54110 12 16000 25000 12 16000 25000 6375
1789499571298772 5 0 1 4 5 5 0 0 0 0 0 0 18 5 5 0 140 122 117 0 117 0 0 0 105534914 108837 0 74553 128242 370257 245416780 1544326 93047055 3025546769 3025546769 0 8082045184 0 72.958777 283 2080 1235960 1936705 20927 10493 60 80000 125000 48 50000 69533 12 16000 25000 12 16000 25000 7722
1789499574608128 5 0 1 4 5 5 0 0 0 0 0 0 17 5 5 0 140 123 118 0 118 0 0 0 105536781 108952 0 74571 128488 370297 248723690 1544474 93047597 3028994006 3028994006 0 8082047260 0 72.957427 274 2047 1280531 1875114 701 9539 60 80000 125000 48 50000 55459 12 16000 25000 12 16000 25000 7723
1789499575667367 5 0 1 4 5 5 0 0 0 0 0 0 16 5 5 0 140 124 119 0 119 0 0 0 105538623 109049 0 74587 128616 370314 249780660 1544633 93047817 3033354350 3033354350 0 8082069265 0 72.956287 192 1458 956082 1363862 2 8180 60 80000 125000 48 50000 68189 12 16000 25000 12 16000 25000 7723
1789499576701782 5 0 1 4 5 5 0 0 0 0 0 0 15 5 5 0 140 125 120 0 120 0 0 0 105540516 111368 0 76817 128757 370339 250810588 1544718 93048025 3035440901 3035440901 0 8082085009 0 72.953521 184 1420 972572 1307034 548 7437 60 80000 125000 48 50000 69200 12 16000 25000 12 16000 25000 7724
1789499581566863 5 0 0 5 5 5 0 0 0 0 0 0 14 6 6 0 140 126 120 0 120 0 0 0 107377183 111377 0 76817 128836 376453 253832576 1544853 93048362 3035440901 3035440901 0 9330813601 0 82.786087 183 1435 1023307 1347501 307 6743 60 80000 125000 60 66000 88428 12 16000 25000 12 16000 25000 8915
1789499581933439 5 0 1 4 5 5 0 0 0 0 0 0 14 5 5 0 140 126 121 0 121 0 0 0 107377280 111501 0 76839 128953 376469 254198580 1545038 93048420 3038809541 3038809541 0 9330813601 0 82.785917 183 1435 1023307 1347501 307 5827 60 80000 125000 48 50000 70392 12 16000 25000 12 16000 25000 8916
1789499583818281 5 0 1 4 5 5 0 0 0 0 0 0 13 5 5 0 140 127 122 0 122 0 0 0 107379054 114786 0 80037 129094 376490 256078021 1545196 93048629 3040687116 3040687116 0 9330835606 0 82.782216 139 1107 819817 1057113 2 5260 60 80000 125000 48 50000 70392 12 16000 25000 12 16000 25000 8916
1789499588865321 5 0 0 5 5 5 0 0 0 0 0 0 12 6 6 0 140 128 122 0 122 0 0 0 107381730 114798 0 80037 129512 376526 261121720 1545331 93049054 3040687116 3040687116 0 9330851350 0 82.780286 139 1124 862368 1090710 270 5011 60 80000 125000 60 66000 87228 12 16000 25000 12 16000 25000 8916
1789499588918676 5 0 1 4 5 5 0 0 0 0 0 0 12 5 5 0 140 128 123 0 123 0 0 0 107381730 116749 0 81904 129550 376536 261172942 1545430 93049054 3086765864 3086765864 0 9330851350 0 82.778783 139 1124 862368 1090710 270 4336 60 80000 125000 48 50000 72124 12 16000 25000 12 16000 25000 8916
1789499589264693 5 0 1 4 5 5 0 0 0 0 0 0 12 4 4 0 140 128 124 0 124 0 0 0 107381730 117641 0 82702 129620 376545 261172954 1890444 93049054 3144803097 3144803097 0 9330851350 0 82.778096 139 1141 904919 1119373 872 3999 60 80000 125000 42 49000 67124 12 16000 25000 12 16000 25000 8916
1789499589319350 5 0 2 3 5 5 0 0 0 0 0 0 12 3 3 0 140 128 125 0 125 0 0 0 107381730 118150 0 83141 129653 376552 261172957 1944530 93049054 3202490992 3202490992 0 9330851350 0 82.777704 138 1133 898409 1111320 197 3629 60 80000 125000 36 48000 62125 12 16000 25000 12 16000 25000 8916
1789499593737332 5 0 1 4 5 5 0 0 0 0 0 0 10 4 4 0 140 130 126 0 126 0 0 0 108666051 118266 0 83160 129902 376581 264231704 2019021 93049247 3206721475 3206721475 0 10579582018 0 92.747520 142 1165 924449 1143532 3073 3576 60 80000 125000 48 64000 82363 12 16000 25000 12 16000 25000 10108
1789499593909148 5 0 1 4 5 5 0 0 0 0 0 0 9 4 4 0 140 131 127 0 127 0 0 0 108668086 118363 0 83174 130150 376616 264400788 2019305 93049461 3209951184 3209951184 0 10579584094 0 92.745721 137 1141 933837 1103267 38 3232 60 80000 125000 48 64000 68328 12 16000 25000 12 16000 25000 10109
1789499597930261 5 0 1 4 5 5 0 0 0 0 0 0 8 4 4 0 140 132 128 0 128 0 0 0 108669860 118489 0 83195 130286 376648 268419697 2019408 93049641 3214135490 3214135490 0 10579606099 0 92.744294 116 966 790694 936433 3 2773 60 80000 125000 48 64000 81176 12 16000 25000 12 16000 25000 10109
1789499600449255 5 0 1 4 5 5 0 0 0 0 0 0 7 4 4 0 140 133 129 0 129 0 0 0 108672489 121054 0 85664 130435 376672 270933155 2019549 93049748 3220668448 3220668448 0 10579621843 0 92.740004 113 955 804837 912215 516 2554 60 80000 125000 48 64000 78424 12 16000 25000 12 16000 25000 10110
1789499604725351 5 0 1 4 5 5 0 0 0 0 0 0 6 4 4 0 140 134 130 0 130 0 0 0 110061252 121168 0 85682 130593 376703 273819984 2019722 93049878 3223535923 3223535923 0 11828350435 0 102.379254 110 943 817143 916854 947 2326 60 80000 125000 48 64000 79616 12 16000 25000 12 16000 25000 11301
1789499606612433 5 0 1 4 5 5 0 0 0 0 0 0 5 4 4 0 140 135 131 0 131 0 0 0 110062925 123736 0 88145 130733 376724 275702497 2019867 93049987 3225416424 3225416424 0 11828372440 0 102.375504 97 832 720572 832178 3 2100 60 80000 125000 48 64000 79616 12 16000 25000 12 16000 25000 11301
1789499611666600 5 0 0 5 5 5 0 0 0 0 0 0 4 5 5 0 140 136 131 0 131 0 0 0 110065022 123750 0 88145 130798 376751 280754216 2020042 93050140 3225416424 3225416424 0 11828388184 0 102.373679 94 818 727062 829386 300 1925 60 80000 125000 60 80000 96578 12 16000 25000 12 16000 25000 11302
1789499622633638 5 0 0 5 5 5 0 0 0 0 0 0 4 6 5 1 140 136 131 0 131 0 0 0 110065397 123770 0 88145 130806 376785 291720444 2020308 93050321 3281473977 3225416424 0 11828388184 0 102.373312 94 818 727062 829386 300 1625 60 80000 125000 60 80000 96578 12 16000 25000 12 16000 25000 11302
1789499622635435 5 0 1 4 5 5 0 0 0 0 0 0 4 4 4 0 140 136 132 0 132 0 0 0 110065397 125530 0 89824 130898 376796 291720444 2020308 93050321 3281473977 3281473977 0 11828388184 0 102.371677 94 818 727062 829386 300 1497 60 80000 125000 48 64000 78961 12 16000 25000 12 16000 25000 11301
1789499627954057 5 0 0 5 5 5 0 0 0 0 0 0 3 6 5 1 140 137 132 0 132 0 0 0 110066831 125539 0 89824 131085 376827 296517947 2539694 93050431 3286268411 3281473977 0 11828390260 0 102.370355 109 948 843082 965330 1554 1500 60 80000 125000 60 80000 83971 12 16000 25000 12 16000 25000 11302
1789499627954194 5 0 1 4 5 5 0 0 0 0 0 0 3 4 4 0 140 137 133 0 133 0 0 0 110066831 125644 0 89841 131145 376837 296517947 2539694 93050431 3286268411 3286268411 0 11828390260 0 102.370257 109 948 843082 965330 1554 1506 60 80000 125000 48 64000 78962 12 16000 25000 12 16000 25000 11302
1789499629942371 5 0 1 4 5 5 0 0 0 0 0 0 2 4 4 0 140 138 134 0 134 0 0 0 111710648 127626 0 91722 131244 376856 296860006 2539875 93050441 3340536156 3340536156 0 13536549424 0 115.429710 107 944 860368 947617 1007 1437 60 80000 125000 48 64000 79869 12 16000 25000 12 16000 25000 12931
1789499632630820 5 0 1 4 5 5 0 0 0 0 0 0 1 4 4 0 140 139 135 0 135 0 0 0 111712457 127727 0 91736 131357 376879 299229243 2857018 93050474 3343560991 3343560991 0 13536571429 0 115.427926 112 988 900572 998181 7724 2051 60 80000 125000 48 64000 80595 12 16000 25000 12 16000 25000 12933
1789499634158484 5 0 1 4 5 5 0 0 0 0 0 0 0 4 4 0 140 140 136 0 136 0 0 0 111713762 132334 0 96241 131543 376906 300750566 2857209 93050484 3345080371 3345080371 0 13536587173 0 115.421959 96 859 801307 877906 2 1852 60 80000 125000 48 64000 78241 12 16000 25000 12 16000 25000 12933
1789499644688775 5 0 1 4 5 5 0 0 0 0 0 0 0 5 4 1 140 140 136 0 136 0 0 0 111713775 132356 0 96241 131560 381941 311275154 2857687 93050484 3405909913 3345080371 0 13536587173 0 115.421923 92 834 796082 867136 151 1469 60 80000 125000 48 64000 78241 12 16000 25000 12 16000 25000 12933
1789499644690812 5 0 2 3 5 5 0 0 0 0 0 0 0 3 3 0 140 140 137 0 137 0 0 0 111713775 134324 0 98110 131674 381982 311275154 2857687 93050484 3405909913 3405909913 0 13536587173 0 115.419892 92 834 796082 867136 151 1342 60 80000 125000 36 48000 61398 12 16000 25000 12 16000 25000 12933
1789499666668025 5 0 2 3 5 5 0 0 0 0 0 0 0 4 3 1 140 140 137 0 137 0 0 0 111713804 134362 0 98110 131708 382069 332886189 3223286 93050484 3474640830 3405909913 0 13536587173 0 115.419823 92 845 824245 889372 1428 1364 60 80000 125000 36 48000 61398 12 16000 25000 12 16000 25000 12933
1789499666670119 5 0 3 2 5 5 0 0 0 0 0 0 0 2 2 0 140 140 138 0 138 0 0 0 111713804 136419 0 100078 132077 382079 332886189 3223286 93050484 3474640830 3474640830 0 13536587173 0 115.417700 92 845 824245 889372 1428 1371 60 80000 125000 24 32000 46292 12 16000 25000 12 16000 25000 12933
1789499668450815 5 0 4 1 5 5 0 0 0 0 0 0 0 1 1 0 140 140 139 0 139 0 0 0 111713806 138426 0 101982 132150 382097 334314059 3573991 93050484 3536427300 3536427300 0 13536587173 0 115.415627 94 875 870939 928087 7935 2012 60 80000 125000 12 16000 29329 12 16000 25000 12 16000 25000 12933
1789499680864354 5 0 4 1 5 5 0 0 0 0 0 0 0 2 1 1 140 140 139 0 139 0 0 0 111713819 138448 0 101982 132173 382150 346256228 4045120 93050484 3584658799 3536427300 0 13536587173 0 115.415591 98 924 938000 991501 1198 1898 60 80000 125000 12 16000 29329 12 16000 25000 12 16000 25000 12933
1789499680866319 5 0 5 0 5 5 0 0 0 0 0 0 0 0 0 0 140 140 140 0 140 0 0 0 111713819 140378 0 103817 132281 382161 346256228 4045120 93050484 3584658799 3584658799 0 13536587173 0 115.413600 98 924 938000 991501 1198 1830 60 80000 125000 0 0 12935 12 16000 25000 12 16000 25000 12933
1789499681206322 0 0 0 0 0 5 5 5 0 0 0 0 0 0 0 0 140 140 140 0 140 0 0 0 111713819 140378 0 103817 132281 382161 346256228 4045120 93050484 3584658799 3584658799 0 13536587173 0 115.413600 99 946 977878 1024637 13153 2397 0 0 0 0 0 0 0 0 0 0 0 0 0
