# timestamp workers_connected workers_init workers_idle workers_busy workers_able workers_joined workers_removed workers_released workers_idled_out workers_blocked workers_slow workers_lost tasks_waiting tasks_on_workers tasks_running tasks_with_results tasks_submitted tasks_dispatched tasks_done tasks_failed tasks_successful tasks_cancelled tasks_exhausted_attempts tasks_recovery time_send time_receive time_send_good time_receive_good time_status_msgs time_internal time_polling time_application time_scheduling time_execute time_execute_good time_execute_exhaustion bytes_sent bytes_received bandwidth capacity_tasks capacity_cores capacity_memory capacity_disk capacity_instantaneous capacity_weighted total_cores total_memory total_disk committed_cores committed_memory committed_disk max_cores max_memory max_disk min_cores min_memory min_disk inuse_cache
1789499957202359 0 0 0 0 0 0 0 0 0 0 0 0 0 0 0 0 0 0 0 0 0 0 0 0 0 0 0 0 0 0 0 0 0 0 0 0 0 0 1.000000 0 0 0 0 0 0 0 0 0 0 0 0 0 0 0 0 0 0 0
1789499957203497 0 0 0 0 0 0 0 0 0 0 0 0 0 0 0 0 0 0 0 0 0 0 0 0 0 0 0 0 0 0 0 0 0 0 0 0 0 0 1.000000 10 10 5120 10240 10 10 0 0 0 0 0 0 0 0 0 0 0 0 0
1789499962000508 1 0 1 0 1 1 0 0 0 0 0 0 140 0 0 0 140 0 0 0 0 0 0 0 0 2678 0 0 11507 41475 4713589 12667 0 0 0 0 0 0 1.000000 10 10 5120 10240 10 10 12 16000 25000 0 0 0 12 16000 25000 12 16000 25000 0
1789499965279539 5 0 0 5 5 5 0 0 0 0 0 0 130 9 9 0 140 10 1 0 1 0 0 0 13166 11622 0 550 47003 151556 7779811 12747 5788 2990323 2990323 0 100216 0 1.000000 10 10 5120 10240 10 10 60 80000 125000 54 9000 45013 12 16000 25000 12 16000 25000 1
1789499965291178 5 0 0 5 5 5 0 0 0 0 0 0 129 9 9 0 140 11 2 0 2 0 0 0 14720 11961 0 825 47055 151566 7787558 14668 7095 5993089 5993089 0 100216 0 1.000000 1513 9078 1513000 7565000 1513 226 60 80000 125000 54 9000 45013 12 16000 25000 12 16000 25000 1
1789499970302827 5 0 0 5 5 5 0 0 0 0 0 0 128 10 10 0 140 12 2 0 2 0 0 0 19640 11970 0 825 47072 151590 12792658 16194 11351 5993089 5993089 0 100216 0 1.000000 1262 7572 1262000 6310000 1083 269 60 80000 125000 60 10000 50013 12 16000 25000 12 16000 25000 1
1789499981483520 5 0 0 5 5 5 0 0 0 0 0 0 128 11 10 1 140 12 2 0 2 0 0 0 29888 11988 0 825 47397 151650 23962365 16453 20247 25186162 5993089 0 100216 0 1.000000 1262 7572 1262000 6310000 1083 421 60 80000 125000 60 10000 50014 12 16000 25000 12 16000 25000 1
1789499981484233 5 0 0 5 5 5 0 0 0 0 0 0 128 9 9 0 140 12 3 0 3 0 0 0 29888 12669 0 1424 47459 151660 23962365 16453 20247 25186162 25186162 0 100216 0 1.000000 1262 7572 1262000 6310000 1083 487 60 80000 125000 54 9000 45011 12 16000 25000 12 16000 25000 1
1789499984688123 5 0 0 5 5 5 0 0 0 0 0 0 127 9 9 0 140 13 4 0 4 0 0 0 35058 13300 0 1964 47584 151695 27158466 18256 24694 28381102 28381102 0 100216 0 1.000000 2938 17628 2938000 14690000 5020 930 60 80000 125000 54 9000 45011 12 16000 25000 12 16000 25000 1
1789499987847357 5 0 0 5 5 5 0 0 0 0 0 0 126 9 9 0 140 14 5 0 5 0 0 0 40072 13976 0 2541 47695 151730 30299345 30751 28949 31525307 31525307 0 100216 0 1.000000 1821 10926 1821000 9105000 456 885 60 80000 125000 54 9000 45011 12 16000 25000 12 16000 25000 1
1789499991819971 5 0 0 5 5 5 0 0 0 0 0 0 125 9 9 0 140 15 6 0 6 0 0 0 44852 14674 0 3156 47786 151760 34262232 34851 33142 61046295 61046295 0 100216 0 1.000000 1756 10536 1756000 8780000 1328 949 60 80000 125000 54 9000 45009 12 16000 25000 12 16000 25000 1
1789499993508386 5 0 0 5 5 5 0 0 0 0 0 0 124 9 9 0 140 16 7 0 7 0 0 0 47914 15303 0 3705 47872 151783 35942694 38983 35816 89260083 89260083 0 100216 0 1.000000 2549 15294 2549000 12745000 4918 1337 60 80000 125000 54 9000 45009 12 16000 25000 12 16000 25000 1
1789499993589114 5 0 0 5 5 5 0 0 0 0 0 0 123 9 9 0 140 17 8 0 8 0 0 0 49434 15692 0 4029 47928 151796 36017393 43015 37091 117566179 117566179 0 100216 0 1.000000 3468 20808 3468000 17340000 15842 3407 60 80000 125000 54 9000 45009 12 16000 25000 12 16000 25000 1
1789499995689322 5 0 0 5 5 5 0 0 0 0 0 0 122 9 9 0 140 18 9 0 9 0 0 0 52557 16380 0 4638 48002 151821 38109667 47022 39755 150962428 150962428 0 100216 0 1.000000 4323 25938 4323000 21615000 19428 4970 60 80000 125000 54 9000 45007 12 16000 25000 12 16000 25000 1
1789499995775275 5 0 0 5 5 5 0 0 0 0 0 0 121 9 9 0 140 19 10 0 10 0 0 0 54721 16833 0 5018 48056 151833 38188720 51211 41686 184445638 184445638 0 100216 0 1.000000 5017 30102 5017000 25085000 11528 5610 60 80000 125000 54 9000 45007 12 16000 25000 12 16000 25000 1
1789499998000387 5 0 0 5 5 5 0 0 0 0 0 0 120 9 9 0 140 20 11 0 11 0 0 0 58436 17492 0 5588 48151 151862 40405506 55019 44963 220151923 220151923 0 100216 0 1.000000 5522 33132 5522000 27610000 10110 6049 60 80000 125000 54 9000 45005 12 16000 25000 12 16000 25000 1
1789499998286524 5 0 0 5 5 5 0 0 0 0 0 0 119 9 9 0 140 21 12 0 12 0 0 0 59879 17997 0 6012 48203 151872 40687496 57137 46212 256143778 256143778 0 100216 0 1.000000 5920 35520 5920000 29600000 9434 6380 60 80000 125000 54 9000 45005 12 16000 25000 12 16000 25000 1
1789499998734920 5 0 0 5 5 5 0 0 0 0 0 0 118 9 9 0 140 22 13 0 13 0 0 0 62077 18666 0 6603 48305 151889 41130404 59619 48124 292586947 292586947 0 100216 0 1.000000 6439 38634 6439000 32195000 13865 7111 60 80000 125000 54 9000 45005 12 16000 25000 12 16000 25000 1
1789500002161866 5 0 0 5 5 5 0 0 0 0 0 0 117 9 9 0 140 23 14 0 14 0 0 0 66826 19342 0 7179 48403 151924 44547766 63624 52179 296001043 296001043 0 100216 0 1.000000 6821 40926 6821000 34105000 11700 7767 60 80000 125000 54 9000 45005 12 16000 25000 12 16000 25000 1
1789500005622305 5 0 0 5 5 5 0 0 0 0 0 0 116 9 9 0 140 24 15 0 15 0 0 0 71325 20033 0 7776 48503 151972 47998883 67583 56111 299454939 299454939 0 100216 0 1.000000 5739 34434 5739000 28695000 394 7049 60 80000 125000 54 9000 45005 12 16000 25000 12 16000 25000 1
1789500006375745 5 0 0 5 5 5 0 0 0 0 0 0 115 9 9 0 140 25 16 0 16 0 0 0 73547 20682 0 8343 48584 151992 48746938 69971 58000 317976631 317976631 0 100216 0 1.000000 5545 33270 5545000 27725000 1427 6248 60 80000 125000 54 9000 45005 12 16000 25000 12 16000 25000 1
1789500007509917 5 0 0 5 5 5 0 0 0 0 0 0 114 9 9 0 140 26 17 0 17 0 0 0 76431 21351 0 8931 48666 152012 49875180 72223 60492 363187215 363187215 0 100216 0 1.000000 5632 33792 5632000 28160000 7539 6375 60 80000 125000 54 9000 45005 12 16000 25000 12 16000 25000 2
1789500012522024 5 0 0 5 5 5 0 0 0 0 0 0 113 10 10 0 140 27 17 0 17 0 0 0 81618 21361 0 8931 48682 152044 54879708 74502 64917 363187215 363187215 0 100216 0 1.000000 5797 34782 5797000 28985000 7300 6422 60 80000 125000 60 10000 50005 12 16000 25000 12 16000 25000 2
1789500021851884 5 0 0 5 5 5 0 0 0 0 0 0 113 11 10 1 140 27 17 0 17 0 0 0 88653 21382 0 8931 48689 156700 64197535 74667 70808 391445192 363187215 0 100216 0 1.000000 5797 34782 5797000 28985000 7300 6586 60 80000 125000 60 10000 50006 12 16000 25000 12 16000 25000 2
1789500021852592 5 0 0 5 5 5 0 0 0 0 0 0 113 9 9 0 140 27 18 0 18 0 0 0 88653 22056 0 9512 48814 156712 64197535 74667 70808 391445192 391445192 0 100216 0 1.000000 5797 34782 5797000 28985000 7300 6656 60 80000 125000 54 9000 45005 12 16000 25000 12 16000 25000 2
1789500021909980 5 0 0 5 5 5 0 0 0 0 0 0 112 9 9 0 140 28 19 0 19 0 0 0 90153 22431 0 9821 48863 156723 64248848 78790 71445 419841756 419841756 0 100216 0 1.000000 6116 36696 6116000 30580000 20932 8049 60 80000 125000 54 9000 45005 12 16000 25000 12 16000 25000 2
1789500024497031 5 0 0 5 5 5 0 0 0 0 0 0 111 9 9 0 140 29 20 0 20 0 0 0 93151 23111 0 10416 48962 156747 66828335 82529 73897 438711399 438711399 0 100216 0 1.000000 6470 38820 6470000 32350000 32123 10397 60 80000 125000 54 9000 45005 12 16000 25000 12 16000 25000 2
1789500027030230 5 0 0 5 5 5 0 0 0 0 0 0 110 9 9 0 140 30 21 0 21 0 0 0 98078 23788 0 10990 49057 156778 69351600 86703 76995 473913145 473913145 0 100216 0 1.000000 6506 39036 6506000 32530000 7432 9976 60 80000 125000 54 9000 45005 12 16000 25000 12 16000 25000 2
1789500029396260 5 0 0 5 5 5 0 0 0 0 0 0 109 9 9 0 140 31 22 0 22 0 0 0 101623 24570 0 11682 49154 156805 71710315 89543 79981 507613153 507613153 0 100216 0 1.000000 6614 39684 6614000 33070000 8324 9816 60 80000 125000 54 9000 45005 12 16000 25000 12 16000 25000 2
1789500029429040 5 0 0 5 5 5 0 0 0 0 0 0 108 9 9 0 140 32 23 0 23 0 0 0 103719 25030 0 12073 49213 156819 71737721 92269 81747 541260960 541260960 0 100216 0 1.000000 6836 41016 6836000 34180000 12977 10126 60 80000 125000 54 9000 45005 12 16000 25000 12 16000 25000 2
1789500033151768 5 0 0 5 5 5 0 0 0 0 0 0 107 9 9 0 140 33 24 0 24 0 0 0 107798 25690 0 12643 49296 156852 75451727 96108 85295 544977327 544977327 0 100216 0 1.000000 7095 42570 7095000 35475000 16495 10748 60 80000 125000 54 9000 45005 12 16000 25000 12 16000 25000 2
1789500033493330 5 0 0 5 5 5 0 0 0 0 0 0 106 9 9 0 140 34 25 0 25 0 0 0 109850 26356 0 13229 49375 156871 75786393 100168 87048 580457188 580457188 0 100216 0 1.000000 6929 41574 6929000 34645000 1578 9442 60 80000 125000 54 9000 45005 12 16000 25000 12 16000 25000 2
1789500033822621 5 0 0 5 5 5 0 0 0 0 0 0 105 9 9 0 140 35 26 0 26 0 0 0 111296 26852 0 13638 49471 156888 76109601 104178 88201 615988374 615988374 0 100216 0 1.000000 6487 38922 6487000 32435000 3275 8842 60 80000 125000 54 9000 45005 12 16000 25000 12 16000 25000 2
1789500036487648 5 0 0 5 5 5 0 0 0 0 0 0 104 9 9 0 140 36 27 0 27 0 0 0 114608 27544 0 14247 49551 156908 78766470 108206 91091 619317680 619317680 0 100216 0 1.000000 6712 40272 6712000 33560000 15503 9493 60 80000 125000 54 9000 45005 12 16000 25000 12 16000 25000 2
1789500041502022 5 0 0 5 5 5 0 0 0 0 0 0 103 10 10 0 140 37 27 0 27 0 0 0 119447 27555 0 14247 49570 156931 83771712 112389 95195 619317680 619317680 0 100216 0 1.000000 6580 39480 6580000 32900000 1416 9090 60 80000 125000 60 10000 50005 12 16000 25000 12 16000 25000 2
1789500042185649 5 0 0 5 5 5 0 0 0 0 0 0 103 9 9 0 140 37 28 0 28 0 0 0 120101 28230 0 14836 49632 156942 84453816 112484 95778 655122804 655122804 0 100216 0 1.000000 6580 39480 6580000 32900000 1416 7997 60 80000 125000 54 9000 45005 12 16000 25000 12 16000 25000 2
1789500047198912 5 0 0 5 5 5 0 0 0 0 0 0 102 10 10 0 140 38 28 0 28 0 0 0 124824 28243 0 14836 49650 156968 89458209 116526 99762 655122804 655122804 0 100216 0 1.000000 6789 40734 6789000 33945000 15134 8354 60 80000 125000 60 10000 50005 12 16000 25000 12 16000 25000 2
1789500049612255 5 0 0 5 5 5 0 0 0 0 0 0 102 9 9 0 140 38 29 0 29 0 0 0 126914 28925 0 15430 49724 157001 91868548 116623 101499 697220193 697220193 0 100216 0 1.000000 6789 40734 6789000 33945000 15134 9322 60 80000 125000 54 9000 45005 12 16000 25000 12 16000 25000 2
1789500050200868 5 0 0 5 5 5 0 0 0 0 0 0 101 9 9 0 140 39 30 0 30 0 0 0 128247 29524 0 15937 49806 157014 92451982 119754 102606 725506030 725506030 0 100216 0 1.000000 7042 42252 7042000 35210000 16752 10047 60 80000 125000 54 9000 45005 12 16000 25000 12 16000 25000 2
1789500050294053 5 0 0 5 5 5 0 0 0 0 0 0 100 9 9 0 140 40 31 0 31 0 0 0 129679 29924 0 16268 49865 157026 92539223 123774 103726 753941074 753941074 0 100216 0 1.000000 7244 43464 7244000 36220000 24683 11475 60 80000 125000 54 9000 45005 12 16000 25000 12 16000 25000 2
1789500052311232 5 0 0 5 5 5 0 0 0 0 0 0 99 9 9 0 140 41 32 0 32 0 0 0 132755 30642 0 16889 49946 157045 94549963 126299 106444 772752824 772752824 0 100216 0 1.000000 7370 44220 7370000 36850000 13220 11646 60 80000 125000 54 9000 45005 12 16000 25000 12 16000 25000 2
1789500057321231 5 0 0 5 5 5 0 0 0 0 0 0 98 10 10 0 140 42 32 0 32 0 0 0 137866 30654 0 16889 49968 157070 99552352 128680 110775 772752824 772752824 0 100216 0 1.000000 7411 44466 7411000 37055000 9574 11445 60 80000 125000 60 10000 50005 12 16000 25000 12 16000 25000 2
1789500060204938 5 0 0 5 5 5 0 0 0 0 0 0 98 9 9 0 140 42 33 0 33 0 0 0 139804 31316 0 17460 50049 157091 102433239 128773 112405 808452702 808452702 0 100216 0 1.000000 7411 44466 7411000 37055000 9574 11180 60 80000 125000 54 9000 45005 12 16000 25000 12 16000 25000 2
1789500062215692 5 0 0 5 5 5 0 0 0 0 0 0 97 9 9 0 140 43 34 0 34 0 0 0 143469 31998 0 18056 50141 157115 104435421 132859 115575 843632814 843632814 0 100216 0 1.000000 7488 44928 7488000 37440000 9665 11033 60 80000 125000 54 9000 45005 12 16000 25000 12 16000 25000 3
1789500063286757 5 0 0 5 5 5 0 0 0 0 0 0 96 9 9 0 140 44 35 0 35 0 0 0 146396 32696 0 18665 50204 157134 105498637 136978 118154 877518137 877518137 0 100216 0 1.000000 7648 45888 7648000 38240000 14958 11417 60 80000 125000 54 9000 45005 12 16000 25000 12 16000 25000 3
1789500063455914 5 0 0 5 5 5 0 0 0 0 0 0 95 9 9 0 140 45 36 0 36 0 0 0 148737 33351 0 19252 50265 157146 105660669 141014 120219 880757561 880757561 0 100216 0 1.000000 7793 46758 7793000 38965000 14804 11901 60 80000 125000 54 9000 45005 12 16000 25000 12 16000 25000 3
1789500068468788 5 0 0 5 5 5 0 0 0 0 0 0 94 10 10 0 140 46 36 0 36 0 0 0 153620 33359 0 19252 50283 157162 110664872 144706 124414 880757561 880757561 0 100216 0 1.000000 7346 44076 7346000 36730000 445 11329 60 80000 125000 60 10000 50005 12 16000 25000 12 16000 25000 3
1789500070194101 5 0 0 5 5 5 0 0 0 0 0 0 94 9 9 0 140 46 37 0 37 0 0 0 154904 34070 0 19877 50367 157178 112387972 144800 125476 917122451 917122451 0 100216 0 1.000000 7346 44076 7346000 36730000 445 9777 60 80000 125000 54 9000 45005 12 16000 25000 12 16000 25000 3
1789500070212404 5 0 0 5 5 5 0 0 0 0 0 0 93 9 9 0 140 47 38 0 38 0 0 0 157235 34700 0 20442 50408 157191 112399265 148776 127513 950840697 950840697 0 100216 0 1.000000 7500 45000 7500000 37500000 15254 10312 60 80000 125000 54 9000 45005 12 16000 25000 12 16000 25000 3
1789500075225863 5 0 0 5 5 5 0 0 0 0 0 0 92 10 10 0 140 48 38 0 38 0 0 0 162147 34712 0 20442 50421 157226 117403770 152704 131601 950840697 950840697 0 100216 0 1.000000 7641 45846 7641000 38205000 15525 10573 60 80000 125000 60 10000 50005 12 16000 25000 12 16000 25000 3
1789500077995072 5 0 0 5 5 5 0 0 0 0 0 0 92 9 9 0 140 48 39 0 39 0 0 0 164077 35410 0 21047 50523 161560 120165797 152795 133163 986643383 986643383 0 100216 0 1.000000 7641 45846 7641000 38205000 15525 11494 60 80000 125000 54 9000 45005 12 16000 25000 12 16000 25000 3
1789500078698935 5 0 0 5 5 5 0 0 0 0 0 0 91 9 9 0 140 49 40 0 40 0 0 0 166406 36040 0 21594 50597 161576 120862520 156865 135143 1015043759 1015043759 0 100216 0 1.000000 7772 46632 7772000 38860000 14299 11769 60 80000 125000 54 9000 45005 12 16000 25000 12 16000 25000 3
1789500078744517 5 0 0 5 5 5 0 0 0 0 0 0 90 9 9 0 140 50 41 0 41 0 0 0 168125 36462 0 21942 50638 161589 120901658 161092 136604 1043581491 1043581491 0 100216 0 1.000000 7884 47304 7884000 39420000 15744 12157 60 80000 125000 54 9000 45005 12 16000 25000 12 16000 25000 3
1789500081262755 5 0 0 5 5 5 0 0 0 0 0 0 89 9 9 0 140 51 42 0 42 0 0 0 170983 37187 0 22577 50740 161611 123412370 164890 139031 1061550871 1061550871 0 100216 0 1.000000 8000 48000 8000000 40000000 16787 12609 60 80000 125000 54 9000 45005 12 16000 25000 12 16000 25000 3
1789500081347301 5 0 0 5 5 5 0 0 0 0 0 0 88 9 9 0 140 52 43 0 43 0 0 0 173154 37884 0 23202 50806 161624 123489704 169132 140937 1080675898 1080675898 0 100216 0 1.000000 7991 47946 7991000 39955000 7538 11888 60 80000 125000 54 9000 45005 12 16000 25000 12 16000 25000 3
1789500086362450 5 0 0 5 5 5 0 0 0 0 0 0 87 10 10 0 140 53 43 0 43 0 0 0 178655 37892 0 23202 51117 161647 128494906 173184 145708 1080675898 1080675898 0 100216 0 1.000000 7998 47988 7998000 39990000 8363 11712 60 80000 125000 60 10000 50005 12 16000 25000 12 16000 25000 3
1789500087469684 5 0 0 5 5 5 0 0 0 0 0 0 87 9 9 0 140 53 44 0 44 0 0 0 179849 38541 0 23762 51209 161666 129600052 173294 146668 1115829501 1115829501 0 100216 0 1.000000 7998 47988 7998000 39990000 8363 11235 60 80000 125000 54 9000 45005 12 16000 25000 12 16000 25000 3
1789500090921331 5 0 0 5 5 5 0 0 0 0 0 0 86 9 9 0 140 54 45 0 45 0 0 0 184768 39188 0 24312 51290 161696 133041968 177325 149953 1119273735 1119273735 0 100216 0 1.000000 8121 48726 8121000 40605000 15412 11643 60 80000 125000 54 9000 45005 12 16000 25000 12 16000 25000 3
1789500095935234 5 0 0 5 5 5 0 0 0 0 0 0 85 10 10 0 140 55 45 0 45 0 0 0 189235 39200 0 24312 51308 161720 138047055 181566 153626 1119273735 1119273735 0 100216 0 1.000000 7963 47778 7963000 39815000 1090 11116 60 80000 125000 60 10000 50005 12 16000 25000 12 16000 25000 3
1789500098979042 5 0 0 5 5 5 0 0 0 0 0 0 85 9 9 0 140 55 46 0 46 0 0 0 191404 39867 0 24881 51387 161742 141087738 181729 155476 1154790821 1154790821 0 100216 0 1.000000 7963 47778 7963000 39815000 1090 9687 60 80000 125000 54 9000 45005 12 16000 25000 12 16000 25000 3
1789500099494639 5 0 0 5 5 5 0 0 0 0 0 0 84 9 9 0 140 56 47 0 47 0 0 0 193561 40619 0 25550 51469 161757 141596184 185852 157278 1172931527 1172931527 0 100216 0 1.000000 8092 48552 8092000 40460000 16566 10358 60 80000 125000 54 9000 45005 12 16000 25000 12 16000 25000 3
1789500104290089 5 0 0 5 5 5 0 0 0 0 0 0 83 10 10 0 140 57 47 0 47 0 0 0 197863 40626 0 25550 51537 161781 146383466 189584 160796 1172931527 1172931527 0 100216 0 1.000000 8084 48504 8084000 40420000 7645 10223 60 80000 125000 60 10000 50006 12 16000 25000 12 16000 25000 3
1789500104290920 5 0 0 5 5 5 0 0 0 0 0 0 83 9 9 0 140 57 48 0 48 0 0 0 197863 41300 0 26147 51557 161789 146383469 189688 160796 1207003459 1207003459 0 100216 0 1.000000 8084 48504 8084000 40420000 7645 9857 60 80000 125000 54 9000 45005 12 16000 25000 12 16000 25000 3
1789500105387075 5 0 0 5 5 5 0 0 0 0 0 0 82 9 9 0 140 58 49 0 49 0 0 0 200391 41966 0 26730 51639 161806 147472368 193631 162947 1242183436 1242183436 0 100216 0 1.000000 8180 49080 8180000 40900000 13789 10241 60 80000 125000 54 9000 45005 12 16000 25000 12 16000 25000 3
1789500106864154 5 0 0 5 5 5 0 0 0 0 0 0 81 9 9 0 140 59 50 0 50 0 0 0 202938 42576 0 27243 51731 161827 148942033 197756 165072 1270297408 1270297408 0 100216 0 1.000000 7944 47664 7944000 39720000 3989 9632 60 80000 125000 54 9000 45005 12 16000 25000 12 16000 25000 3
1789500107163681 5 0 0 5 5 5 0 0 0 0 0 0 80 9 9 0 140 60 51 0 51 0 0 0 204460 43071 0 27666 51798 161841 149235242 201957 166310 1298756189 1298756189 0 100216 0 1.000000 8121 48726 8121000 40605000 17019 10353 60 80000 125000 54 9000 45005 12 16000 25000 12 16000 25000 4
1789500109830439 5 0 0 5 5 5 0 0 0 0 0 0 79 9 9 0 140 61 52 0 52 0 0 0 207035 43688 0 28189 51887 161865 151894769 205863 168390 1317658875 1317658875 0 100216 0 1.000000 8350 50100 8350000 41750000 18480 11146 60 80000 125000 54 9000 45005 12 16000 25000 12 16000 25000 4
1789500110661998 5 0 0 5 5 5 0 0 0 0 0 0 78 9 9 0 140 62 53 0 53 0 0 0 208998 44362 0 28764 51972 161882 152719299 210129 169989 1378702954 1378702954 0 100216 0 1.000000 8450 50700 8450000 42250000 9630 10931 60 80000 125000 54 9000 45005 12 16000 25000 12 16000 25000 4
1789500113757970 5 0 0 5 5 5 0 0 0 0 0 0 77 9 9 0 140 63 54 0 54 0 0 0 212446 45071 0 29382 52048 161937 155806949 214141 172815 1414459413 1414459413 0 100216 0 1.000000 9106 54636 9106000 45530000 26121 12413 60 80000 125000 54 9000 45005 12 16000 25000 12 16000 25000 4
1789500114681651 5 0 0 5 5 5 0 0 0 0 0 0 76 9 9 0 140 64 55 0 55 0 0 0 214346 45724 0 29955 52121 161950 156723683 218430 174367 1418469307 1418469307 0 100216 0 1.000000 9341 56046 9341000 46705000 16725 12834 60 80000 125000 54 9000 45005 12 16000 25000 12 16000 25000 4
1789500115101822 5 0 0 5 5 5 0 0 0 0 0 0 75 9 9 0 140 65 56 0 56 0 0 0 216174 46387 0 30542 52184 161966 157137236 222459 175899 1452301714 1452301714 0 100216 0 1.000000 9199 55194 9199000 45995000 728 11654 60 80000 125000 54 9000 45005 12 16000 25000 12 16000 25000 4
1789500117235586 5 0 0 5 5 5 0 0 0 0 0 0 74 9 9 0 140 66 57 0 57 0 0 0 219034 47085 0 31141 52265 161990 159263408 226369 178262 1455768543 1455768543 0 100216 0 1.000000 9209 55254 9209000 46045000 15199 12161 60 80000 125000 54 9000 45005 12 16000 25000 12 16000 25000 4
1789500122247596 5 0 0 5 5 5 0 0 0 0 0 0 73 10 10 0 140 67 57 0 57 0 0 0 222937 47097 0 31141 52280 162013 164267123 230657 181389 1455768543 1455768543 0 100216 0 1.000000 8757 52542 8757000 43785000 555 11581 60 80000 125000 60 10000 50005 12 16000 25000 12 16000 25000 4
1789500133744945 5 0 0 5 5 5 0 0 0 0 0 0 73 11 10 1 140 67 57 0 57 0 0 0 229051 47122 0 31141 52365 162056 175757801 230984 186172 1474826078 1455768543 0 100216 0 1.000000 8757 52542 8757000 43785000 555 9538 60 80000 125000 60 10000 50006 12 16000 25000 12 16000 25000 4
1789500133745686 5 0 0 5 5 5 0 0 0 0 0 0 73 9 9 0 140 67 58 0 58 0 0 0 229051 47831 0 31767 52425 162065 175757801 230984 186172 1474826078 1474826078 0 100216 0 1.000000 8757 52542 8757000 43785000 555 8663 60 80000 125000 54 9000 45005 12 16000 25000 12 16000 25000 4
1789500134245629 5 0 0 5 5 5 0 0 0 0 0 0 72 9 9 0 140 68 59 0 59 0 0 0 230943 48424 0 32268 52523 162083 176251111 234990 187704 1509570871 1509570871 0 100216 0 1.000000 8701 52206 8701000 43505000 8516 8649 60 80000 125000 54 9000 45005 12 16000 25000 12 16000 25000 4
1789500134781507 5 0 0 5 5 5 0 0 0 0 0 0 71 9 9 0 140 69 60 0 60 0 0 0 232399 49083 0 32825 53032 162098 176778100 241193 188840 1545366778 1545366778 0 100216 0 1.000000 8771 52626 8771000 43855000 15484 9316 60 80000 125000 54 9000 45005 12 16000 25000 12 16000 25000 4
1789500135172726 5 0 0 5 5 5 0 0 0 0 0 0 70 9 9 0 140 70 61 0 61 0 0 0 233925 49703 0 33343 53146 162114 177154792 253423 189935 1573370411 1573370411 0 100216 0 1.000000 8866 53196 8866000 44330000 16443 10012 60 80000 125000 54 9000 45005 12 16000 25000 12 16000 25000 4
1789500135603146 5 0 0 5 5 5 0 0 0 0 0 0 69 9 9 0 140 71 62 0 62 0 0 0 235391 50262 0 33804 53262 162127 177578112 258346 191034 1602103732 1602103732 0 100216 0 1.000000 8891 53346 8891000 44455000 22085 11190 60 80000 125000 54 9000 45005 12 16000 25000 12 16000 25000 4
1789500137818992 5 0 0 5 5 5 0 0 0 0 0 0 68 9 9 0 140 72 63 0 63 0 0 0 238397 51000 0 34442 53403 167542 179772592 270287 193232 1635625144 1635625144 0 100216 0 1.000000 8954 53724 8954000 44770000 23514 12950 60 80000 125000 54 9000 45005 12 16000 25000 12 16000 25000 4
1789500140693628 5 0 0 5 5 5 0 0 0 0 0 0 67 9 9 0 140 73 64 0 64 0 0 0 241090 51729 0 35063 53539 167568 182639274 274628 195296 1670925228 1670925228 0 100216 0 1.000000 9564 57384 9564000 47820000 13425 13019 60 80000 125000 54 9000 45005 12 16000 25000 12 16000 25000 4
1789500141023257 5 0 0 5 5 5 0 0 0 0 0 0 66 9 9 0 140 74 65 0 65 0 0 0 242837 52468 0 35695 53667 167584 182959671 281206 196612 1674115744 1674115744 0 100216 0 1.000000 9813 58878 9813000 49065000 16707 13380 60 80000 125000 54 9000 45005 12 16000 25000 12 16000 25000 4
1789500144199725 5 0 0 5 5 5 0 0 0 0 0 0 65 9 9 0 140 75 66 0 66 0 0 0 246018 53212 0 36325 53823 167613 186130115 283089 198974 1677604016 1677604016 0 100216 0 1.000000 9261 55566 9261000 46305000 350 12111 60 80000 125000 54 9000 45005 12 16000 25000 12 16000 25000 4
1789500145199390 5 0 0 5 5 5 0 0 0 0 0 0 64 9 9 0 140 76 67 0 67 0 0 0 247774 53932 0 36950 53933 167636 187125278 284963 200292 1712966503 1712966503 0 100216 0 1.000000 8694 52164 8694000 43470000 319 10430 60 80000 125000 54 9000 45005 12 16000 25000 12 16000 25000 4
1789500148851783 5 0 0 5 5 5 0 0 0 0 0 0 63 9 9 0 140 77 68 0 68 0 0 0 250845 54632 0 37551 54032 167664 190772040 286671 202745 1746710144 1746710144 0 100216 0 1.000000 8705 52230 8705000 43525000 17951 11165 60 80000 125000 54 9000 45005 12 16000 25000 12 16000 25000 5
1789500152803524 5 0 0 5 5 5 0 0 0 0 0 0 62 9 9 0 140 78 69 0 69 0 0 0 254793 55337 0 38154 54130 167689 194717127 288507 204953 1782271395 1782271395 0 100216 0 1.000000 8667 52002 8667000 43335000 15572 11596 60 80000 125000 54 9000 45005 12 16000 25000 12 16000 25000 5
1789500157813971 5 0 0 5 5 5 0 0 0 0 0 0 61 10 10 0 140 79 69 0 69 0 0 0 258036 55346 0 38154 54146 167713 199722368 290350 207464 1782271395 1782271395 0 100216 0 1.000000 8799 52794 8799000 43995000 16649 12089 60 80000 125000 60 10000 50005 12 16000 25000 12 16000 25000 5
1789500163453589 5 0 0 5 5 5 0 0 0 0 0 0 61 11 10 1 140 79 69 0 69 0 0 0 260585 55356 0 38154 54229 167744 205359015 290582 209383 1810545913 1782271395 0 100216 0 1.000000 8799 52794 8799000 43995000 16649 12740 60 80000 125000 60 10000 50006 12 16000 25000 12 16000 25000 5
1789500163454261 5 0 0 5 5 5 0 0 0 0 0 0 61 9 9 0 140 79 70 0 70 0 0 0 260585 55995 0 38711 54284 167754 205359015 290582 209383 1810545913 1810545913 0 100216 0 1.000000 8799 52794 8799000 43995000 16649 13122 60 80000 125000 54 9000 45005 12 16000 25000 12 16000 25000 5
1789500164101007 5 0 0 5 5 5 0 0 0 0 0 0 60 9 9 0 140 80 71 0 71 0 0 0 261793 56662 0 39267 54400 167769 206001953 292364 210297 1839030132 1839030132 0 100216 0 1.000000 8896 53376 8896000 44480000 15779 13382 60 80000 125000 54 9000 45005 12 16000 25000 12 16000 25000 5
1789500166927574 5 0 0 5 5 5 0 0 0 0 0 0 59 9 9 0 140 81 72 0 72 0 0 0 264309 57309 0 39816 54503 167794 208823324 294228 212114 1841852197 1841852197 0 100216 0 1.000000 8935 53610 8935000 44675000 20991 14125 60 80000 125000 54 9000 45005 12 16000 25000 12 16000 25000 5
1789500168088080 5 0 0 5 5 5 0 0 0 0 0 0 58 9 9 0 140 82 73 0 73 0 0 0 266184 58043 0 40463 54605 167815 209979334 295972 213547 1875686001 1875686001 0 100216 0 1.000000 8715 52290 8715000 43575000 1253 12871 60 80000 125000 54 9000 45005 12 16000 25000 12 16000 25000 5
1789500168560647 5 0 0 5 5 5 0 0 0 0 0 0 57 9 9 0 140 83 74 0 74 0 0 0 267613 58602 0 40938 54688 167833 210448021 297745 214651 1910494670 1910494670 0 100216 0 1.000000 8929 53574 8929000 44645000 15643 13268 60 80000 125000 54 9000 45005 12 16000 25000 12 16000 25000 5
1789500169763074 5 0 0 5 5 5 0 0 0 0 0 0 56 9 9 0 140 84 75 0 75 0 0 0 269330 59243 0 41490 54778 167854 211646184 299520 215983 1913326649 1913326649 0 100216 0 1.000000 9485 56910 9485000 47425000 17139 13646 60 80000 125000 54 9000 45005 12 16000 25000 12 16000 25000 5
1789500170696148 5 0 0 5 5 5 0 0 0 0 0 0 55 9 9 0 140 85 76 0 76 0 0 0 270743 59915 0 42079 54851 167869 212575271 301306 217058 1949226470 1949226470 0 100216 0 1.000000 9306 55836 9306000 46530000 1936 12505 60 80000 125000 54 9000 45006 12 16000 25000 12 16000 25000 5
1789500174660018 5 0 0 5 5 5 0 0 0 0 0 0 54 9 9 0 140 86 77 0 77 0 0 0 273226 60630 0 42705 54941 167900 216534003 303101 218928 1982858887 1982858887 0 100216 0 1.000000 9545 57270 9545000 47725000 15725 12819 60 80000 125000 54 9000 45006 12 16000 25000 12 16000 25000 5
1789500179261725 5 0 0 5 5 5 0 0 0 0 0 0 53 10 10 0 140 87 77 0 77 0 0 0 276164 60651 0 42705 55017 167926 221130755 304961 221075 1982858887 1982858887 0 100216 0 1.000000 9543 57258 9543000 47715000 15593 13090 60 80000 125000 60 10000 50007 12 16000 25000 12 16000 25000 5
1789500179262548 5 0 0 5 5 5 0 0 0 0 0 0 53 9 9 0 140 87 78 0 78 0 0 0 276164 61354 0 43321 55037 167935 221130760 305025 221075 2017917495 2017917495 0 100216 0 1.000000 9543 57258 9543000 47715000 15593 13335 60 80000 125000 54 9000 45006 12 16000 25000 12 16000 25000 5
1789500180893180 5 0 0 5 5 5 0 0 0 0 0 0 52 9 9 0 140 88 79 0 79 0 0 0 277851 62083 0 43959 55158 167956 222757141 306699 222318 2053606966 2053606966 0 100216 0 1.000000 9527 57162 9527000 47635000 17348 13727 60 80000 125000 54 9000 45006 12 16000 25000 12 16000 25000 5
1789500182742289 5 0 0 5 5 5 0 0 0 0 0 0 51 9 9 0 140 89 80 0 80 0 0 0 279532 62783 0 44564 55260 167976 224601911 308510 223558 2087492199 2087492199 0 100216 0 1.000000 9498 56988 9498000 47490000 15233 13943 60 80000 125000 54 9000 45006 12 16000 25000 12 16000 25000 5
1789500187323188 5 0 0 5 5 5 0 0 0 0 0 0 50 10 10 0 140 90 80 0 80 0 0 0 282176 62794 0 44564 55345 168000 229178252 310257 225470 2087492199 2087492199 0 100216 0 1.000000 9468 56808 9468000 47340000 10703 13781 60 80000 125000 60 10000 50007 12 16000 25000 12 16000 25000 5
1789500187324022 5 0 0 5 5 5 0 0 0 0 0 0 50 9 9 0 140 90 81 0 81 0 0 0 282176 63472 0 45161 55365 168009 229178256 310357 225470 2106723860 2106723860 0 100216 0 1.000000 9468 56808 9468000 47340000 10703 13344 60 80000 125000 54 9000 45006 12 16000 25000 12 16000 25000 5
1789500188482225 5 0 0 5 5 5 0 0 0 0 0 0 49 9 9 0 140 91 82 0 82 0 0 0 283758 64209 0 45806 55478 168030 230332272 312070 226606 2142398361 2142398361 0 100216 0 1.000000 9453 56718 9453000 47265000 8617 12884 60 80000 125000 54 9000 45006 12 16000 25000 12 16000 25000 5
1789500191718174 5 0 0 5 5 5 0 0 0 0 0 0 48 9 9 0 140 92 83 0 83 0 0 0 285642 64862 0 46346 55584 168055 233563708 313891 227942 2170658856 2170658856 0 100216 0 1.000000 9562 57372 9562000 47810000 17127 13299 60 80000 125000 54 9000 45007 12 16000 25000 12 16000 25000 5
1789500191982554 5 0 0 5 5 5 0 0 0 0 0 0 47 9 9 0 140 93 84 0 84 0 0 0 286893 65513 0 46921 55641 168070 233824372 315614 228869 2174149745 2174149745 0 100216 0 1.000000 9584 57504 9584000 47920000 21426 14092 60 80000 125000 54 9000 45007 12 16000 25000 12 16000 25000 5
1789500196992110 5 0 0 5 5 5 0 0 0 0 0 0 46 10 10 0 140 94 84 0 84 0 0 0 289394 65526 0 46921 55659 168095 238829073 317340 230643 2174149745 2174149745 0 100216 0 1.000000 9036 54216 9036000 45180000 477 13412 60 80000 125000 60 10000 50007 12 16000 25000 12 16000 25000 5
1789500197685106 5 0 0 5 5 5 0 0 0 0 0 0 46 9 9 0 140 94 85 0 85 0 0 0 289716 66535 0 47632 55813 178288 239510175 317526 230872 2202057576 2202057576 0 100216 0 1.000000 9036 54216 9036000 45180000 477 11015 60 80000 125000 54 9000 45007 12 16000 25000 12 16000 25000 5
1789500197977019 5 0 0 5 5 5 0 0 0 0 0 0 45 9 9 0 140 95 86 0 86 0 0 0 290973 67259 0 48250 55935 178305 239798113 319357 231733 2212706438 2212706438 0 100216 0 1.000000 8921 53526 8921000 44605000 2345 10171 60 80000 125000 54 9000 45007 12 16000 25000 12 16000 25000 6
1789500202330220 5 0 0 5 5 5 0 0 0 0 0 0 44 10 10 0 140 96 86 0 86 0 0 0 293420 67269 0 48250 56031 178328 244146803 321254 233413 2212706438 2212706438 0 100216 0 1.000000 8764 52584 8764000 43820000 5086 9917 60 80000 125000 60 10000 50008 12 16000 25000 12 16000 25000 6
1789500202331561 5 0 0 5 5 5 0 0 0 0 0 0 44 9 9 0 140 96 87 0 87 0 0 0 293420 67953 0 48837 56056 178337 244147295 321362 233413 2246472523 2246472523 0 100216 0 1.000000 8764 52584 8764000 43820000 5086 9229 60 80000 125000 54 9000 45007 12 16000 25000 12 16000 25000 6
1789500206408369 5 0 0 5 5 5 0 0 0 0 0 0 43 9 9 0 140 97 88 0 88 0 0 0 296203 68608 0 49392 56536 178370 248218434 323058 235443 2282180626 2282180626 0 100216 0 1.000000 8730 52380 8730000 43650000 12243 9524 60 80000 125000 54 9000 45007 12 16000 25000 12 16000 25000 6
1789500206977307 5 0 0 5 5 5 0 0 0 0 0 0 42 9 9 0 140 98 89 0 89 0 0 0 297291 69172 0 49853 56629 178386 248781936 326712 236174 2297436206 2297436206 0 100216 0 1.000000 8757 52542 8757000 43785000 17565 10309 60 80000 125000 54 9000 45007 12 16000 25000 12 16000 25000 6
1789500211987469 5 0 0 5 5 5 0 0 0 0 0 0 41 10 10 0 140 99 89 0 89 0 0 0 299559 69180 0 49853 56647 178407 253786591 329846 237678 2297436206 2297436206 0 100216 0 1.000000 8690 52140 8690000 43450000 10661 10327 60 80000 125000 60 10000 50007 12 16000 25000 12 16000 25000 6
1789500214436361 5 0 0 5 5 5 0 0 0 0 0 0 41 9 9 0 140 99 90 0 90 0 0 0 300432 69840 0 50420 56732 178430 256233645 330017 238261 2332606079 2332606079 0 100216 0 1.000000 8690 52140 8690000 43450000 10661 10376 60 80000 125000 54 9000 45007 12 16000 25000 12 16000 25000 6
1789500216902858 5 0 0 5 5 5 0 0 0 0 0 0 40 9 9 0 140 100 91 0 91 0 0 0 303099 70543 0 51031 56845 178453 258692425 334205 239302 2368611565 2368611565 0 100216 0 1.000000 8719 52314 8719000 43595000 17763 11097 60 80000 125000 54 9000 45008 12 16000 25000 12 16000 25000 6
1789500220909147 5 0 0 5 5 5 0 0 0 0 0 0 40 8 8 0 140 100 92 0 92 0 0 0 304432 71259 0 51651 56929 178484 262692275 338457 240198 2414856413 2414856413 0 100216 0 1.000000 8859 53154 8859000 44295000 17294 11702 60 80000 125000 48 8000 40009 12 16000 25000 12 16000 25000 6
1789500220918223 5 0 1 4 5 5 0 0 0 0 0 0 40 7 7 0 140 100 93 0 93 0 0 0 304860 71704 0 52012 56976 178497 262696236 342620 240545 2453028637 2453028637 0 100216 0 1.000000 9053 54318 9053000 45265000 21845 13150 60 80000 125000 42 7000 35009 12 16000 25000 12 16000 25000 6
1789500225211608 5 0 0 5 5 5 0 0 0 0 0 0 39 8 8 0 140 101 93 0 93 0 0 0 309124 71714 0 52012 57180 178530 266981394 346295 242950 2453028637 2453028637 0 102292 0 1.000000 9111 54666 9111000 45555000 22872 13637 60 80000 125000 54 23000 40019 12 16000 25000 12 16000 25000 7
1789500225212193 5 0 1 4 5 5 0 0 0 0 0 0 39 7 7 0 140 101 94 0 94 0 0 0 309124 71807 0 52025 57213 178541 266981754 346363 242950 2457311695 2457311695 0 102292 0 1.000000 9111 54666 9111000 45555000 22872 14538 60 80000 125000 42 7000 35009 12 16000 25000 12 16000 25000 7
1789500227529362 5 0 0 5 5 5 0 0 0 0 0 0 38 7 6 1 140 102 95 0 95 0 0 0 2625463 72416 0 52558 57309 178550 266981760 346453 243116 2520954674 2485555296 0 1580584043 0 558.721279 8879 54362 11597062 44395000 604 13181 60 80000 125000 48 22000 50643 12 16000 25000 12 16000 25000 1514
1789500227534567 5 0 0 5 5 5 0 0 0 0 0 0 38 6 6 0 140 102 96 0 96 0 0 0 2625463 73284 0 53350 57322 178558 266981763 350744 243116 2520954674 2520954674 0 1580584043 0 558.541578 762 4666 995266 3810000 18 11304 60 80000 125000 42 21000 45642 12 16000 25000 12 16000 25000 1514
1789500231134419 5 0 1 4 5 5 0 0 0 0 0 0 38 5 5 0 140 102 97 0 97 0 0 0 2626728 73408 0 53365 57408 178583 270576294 354544 243991 2524558766 2524558766 0 1580584043 0 558.254253 712 4360 929960 3560000 236 10226 60 80000 125000 30 5000 26518 12 16000 25000 12 16000 25000 1516
1789500232769222 5 0 0 5 5 5 0 0 0 0 0 0 37 5 5 0 140 103 98 0 98 0 0 0 2629896 74047 0 53918 57512 178602 272206947 354745 244842 2559346857 2559346857 0 1580606048 0 557.476024 313 1955 504633 1645598 2 9230 60 80000 125000 36 20000 39137 12 16000 25000 12 16000 25000 1516
1789500233100080 5 0 1 4 5 5 0 0 0 0 0 0 37 4 4 0 140 103 99 0 99 0 0 0 2630342 86803 0 66583 57591 178615 272520164 359072 245180 2561295781 2561295781 0 1580606048 0 554.767372 314 1961 506245 1650855 18368 10535 60 80000 125000 24 4000 21519 12 16000 25000 12 16000 25000 1516
1789500235722260 5 0 1 4 5 5 0 0 0 0 0 0 36 4 4 0 140 104 100 0 100 0 0 0 2633793 87360 0 67051 57735 178642 275138020 359189 246469 2590035914 2590035914 0 1580621792 0 553.955771 307 1955 588939 1693096 119 9521 60 80000 125000 30 19000 34137 12 16000 25000 12 16000 25000 1516
1789500236160830 5 0 1 4 5 5 0 0 0 0 0 0 35 4 4 0 140 105 101 0 101 0 0 0 2646351 87975 0 67575 57939 178659 275559108 363254 246999 2623860884 2623860884 0 1580623868 0 551.287735 307 1955 588939 1693096 21545 10695 60 80000 125000 36 34000 34146 12 16000 25000 12 16000 25000 1516
1789500240243044 5 0 1 4 5 5 0 0 0 0 0 0 34 4 4 0 140 106 102 0 102 0 0 0 4802468 88073 0 67588 58066 178681 277480885 367304 247532 2628364344 2628364344 0 3288783032 0 641.325348 310 1974 594694 1709641 14745 11091 60 80000 125000 36 34000 49923 12 16000 25000 12 16000 25000 3145
1789500242061234 5 0 1 4 5 5 0 0 0 0 0 0 33 4 4 0 140 107 103 0 103 0 0 0 4805128 88741 0 68163 58299 178722 279295179 367564 248804 2664010982 2664010982 0 3288785108 0 640.889629 296 1921 658449 1632431 344 9559 60 80000 125000 42 49000 49933 12 16000 25000 12 16000 25000 3146
1789500243393745 5 0 1 4 5 5 0 0 0 0 0 0 32 4 4 0 140 108 104 0 104 0 0 0 6132967 88828 0 68176 58388 178744 279295186 371993 248902 2668977079 2668977079 0 4700337310 0 720.465874 296 1921 658449 1632431 15773 10166 60 80000 125000 42 49000 51209 12 16000 25000 12 16000 25000 4493
1789500245021762 5 0 1 4 5 5 0 0 0 0 0 0 31 4 4 0 140 109 105 0 105 0 0 0 6228818 88935 0 68191 58546 178768 280826907 372124 249311 2673734580 2673734580 0 4700359315 0 709.526307 193 1277 488409 1113727 3 9176 60 80000 125000 42 49000 63728 12 16000 25000 12 16000 25000 4493
1789500245605589 5 0 1 4 5 5 0 0 0 0 0 0 30 4 4 0 140 110 106 0 106 0 0 0 6230879 91975 0 71136 58676 178785 281405327 372263 249661 2675846643 2675846643 0 4700375059 0 708.956267 188 1267 533307 1084874 229 8304 60 80000 125000 42 49000 64952 12 16000 25000 12 16000 25000 4494
1789500246618721 5 0 1 4 5 5 0 0 0 0 0 0 29 4 4 0 140 111 107 0 107 0 0 0 6233078 92069 0 71150 58912 178819 282415718 372407 250530 2679070862 2679070862 0 4700377135 0 708.699569 185 1269 581429 1114851 22 7124 60 80000 125000 42 49000 50877 12 16000 25000 12 16000 25000 4496
1789500248485279 5 0 1 4 5 5 0 0 0 0 0 0 28 4 4 0 140 112 108 0 108 0 0 0 6235457 124940 0 103932 59042 178840 284246754 372503 250941 2680899642 2680899642 0 4700399140 0 704.775179 152 1061 524245 955500 3 6430 60 80000 125000 42 49000 50877 12 16000 25000 12 16000 25000 4496
1789500249439321 5 0 1 4 5 5 0 0 0 0 0 0 27 4 4 0 140 113 109 0 109 0 0 0 6237499 125542 0 104448 59194 178861 285197825 372634 251318 2715895187 2715895187 0 4700414884 0 704.484688 148 1052 555756 968828 49 5808 60 80000 125000 48 64000 63616 12 16000 25000 12 16000 25000 4496
1789500251033676 5 0 1 4 5 5 0 0 0 0 0 0 26 4 4 0 140 114 110 0 110 0 0 0 7827314 125632 0 104462 59237 178870 285197832 376995 251389 2720261651 2720261651 0 6043938922 0 724.756502 148 1052 555756 968828 12055 6418 60 80000 125000 48 64000 77675 12 16000 25000 12 16000 25000 5777
1789500254005185 5 0 1 4 5 5 0 0 0 0 0 0 25 4 4 0 140 115 111 0 111 0 0 0 7832243 125744 0 104478 59532 178911 288163719 377210 252164 2723218265 2723218265 0 6043940998 0 724.297652 128 925 519837 837905 5 5505 60 80000 125000 48 64000 64898 12 16000 25000 12 16000 25000 5779
1789500255274296 5 0 1 4 5 5 0 0 0 0 0 0 24 4 4 0 140 116 112 0 112 0 0 0 7835735 125867 0 104502 59670 178934 289428883 377356 252455 2727449735 2727449735 0 6043963003 0 723.971417 106 779 462939 721552 2 4969 60 80000 125000 48 64000 77679 12 16000 25000 12 16000 25000 5779
1789500255786654 5 0 1 4 5 5 0 0 0 0 0 0 23 4 4 0 140 117 113 0 113 0 0 0 7838437 128684 0 107244 59786 178953 289935421 377502 252671 2729223899 2729223899 0 6043978747 0 723.471791 103 770 481368 701131 483 4532 60 80000 125000 48 64000 77418 12 16000 25000 12 16000 25000 5779
1789500260636356 5 0 0 5 5 5 0 0 0 0 0 0 22 5 5 0 140 118 113 0 113 0 0 0 9963335 128690 0 107244 59910 183233 292655678 377593 253045 2729223899 2729223899 0 7292707339 0 689.144913 100 760 497960 706806 253 4116 60 80000 125000 60 80000 96695 12 16000 25000 12 16000 25000 6971
1789500260636976 5 0 1 4 5 5 0 0 0 0 0 0 22 4 4 0 140 118 114 0 114 0 0 0 9963335 128803 0 107270 59944 183243 292655941 377761 253045 2731923574 2731923574 0 7292707339 0 689.137196 100 760 497960 706806 253 3566 60 80000 125000 48 64000 78609 12 16000 25000 12 16000 25000 6971
1789500262286048 5 0 1 4 5 5 0 0 0 0 0 0 21 4 4 0 140 119 115 0 115 0 0 0 9965686 131440 0 109814 60096 183272 294299718 377860 253330 2733565481 2733565481 0 7292729344 0 688.798840 83 641 438715 606795 2 3219 60 80000 125000 48 64000 78609 12 16000 25000 12 16000 25000 6971
1789500267329758 5 0 0 5 5 5 0 0 0 0 0 0 20 5 5 0 140 120 115 0 115 0 0 0 9967929 131454 0 109814 60151 183301 299340882 377998 253778 2733565481 2733565481 0 7292745088 0 688.646394 83 651 464123 626941 238 3070 60 80000 125000 60 80000 95504 12 16000 25000 12 16000 25000 6971
1789500299299639 5 0 0 5 5 5 0 0 0 0 0 0 20 6 5 1 140 120 115 0 115 0 0 0 9971188 131514 0 109814 60176 183428 331306559 378588 255330 2787838150 2733565481 0 7292745088 0 688.420156 83 651 464123 626941 238 2120 60 80000 125000 60 80000 95504 12 16000 25000 12 16000 25000 6971
1789500299301651 5 0 1 4 5 5 0 0 0 0 0 0 20 4 4 0 140 120 116 0 116 0 0 0 9971188 133491 0 111704 60275 183437 331306559 378588 255330 2787838150 2787838150 0 7292745088 0 688.285465 83 651 464123 626941 238 1937 60 80000 125000 48 64000 76753 12 16000 25000 12 16000 25000 6971
1789500304282398 5 0 0 5 5 5 0 0 0 0 0 0 19 5 5 0 140 121 116 0 116 0 0 0 9973900 133499 0 111704 60483 183470 335942750 720147 255948 2787838150 2787838150 0 7292747164 0 688.100437 85 677 501327 665894 7817 2231 60 80000 125000 60 80000 81763 12 16000 25000 12 16000 25000 6972
1789500304283194 5 0 1 4 5 5 0 0 0 0 0 0 19 4 4 0 140 121 117 0 117 0 0 0 9973900 133591 0 111718 60520 183480 335943145 720387 255948 2792473082 2792473082 0 7292747164 0 688.094174 85 677 501327 665894 7817 3029 60 80000 125000 48 64000 76754 12 16000 25000 12 16000 25000 6972
1789500307852896 5 0 1 4 5 5 0 0 0 0 0 0 18 4 4 0 140 122 118 0 118 0 0 0 11124823 133705 0 111738 60660 183510 338361535 720471 256246 2794886841 2794886841 0 8541475756 0 723.521410 82 663 508735 642392 949 2827 60 80000 125000 48 64000 77945 12 16000 25000 12 16000 25000 8163
1789500309396066 5 0 1 4 5 5 0 0 0 0 0 0 17 4 4 0 140 123 119 0 119 0 0 0 11128244 136239 0 114173 60813 183533 339898408 720615 256456 2796422697 2796422697 0 8541497761 0 723.140781 73 599 475245 591034 3 2552 60 80000 125000 48 64000 77945 12 16000 25000 12 16000 25000 8163
1789500314435610 5 0 0 5 5 5 0 0 0 0 0 0 16 5 5 0 140 124 119 0 119 0 0 0 11130916 136251 0 114173 60952 183564 344934868 720778 256862 2796422697 2796422697 0 8541513505 0 722.969852 71 592 483960 593464 219 2326 60 80000 125000 60 80000 95799 12 16000 25000 12 16000 25000 8163
1789500316683010 5 0 1 4 5 5 0 0 0 0 0 0 16 4 4 0 140 124 120 0 120 0 0 0 11131112 138256 0 116061 61026 183584 347179834 720870 256950 2879959925 2879959925 0 8541513505 0 722.828650 71 592 483960 593464 219 2026 60 80000 125000 48 64000 78181 12 16000 25000 12 16000 25000 8163
1789500317895785 5 0 1 4 5 5 0 0 0 0 0 0 15 4 4 0 140 125 121 0 121 0 0 0 11172907 140243 0 117934 61266 190730 347897648 1164631 257234 2949329684 2949329684 0 8541515581 0 720.031471 75 634 534184 646209 1839 2001 60 80000 125000 48 64000 65452 12 16000 25000 12 16000 25000 8164
1789500321349930 5 0 1 4 5 5 0 0 0 0 0 0 14 4 4 0 140 126 122 0 122 0 0 0 12306863 140459 0 117954 61448 190787 349873034 1508914 257495 2953500905 2953500905 0 9790244173 0 750.097444 79 678 586858 701209 1715 1974 60 80000 125000 48 64000 79670 12 16000 25000 12 16000 25000 9355
1789500322166142 5 0 1 4 5 5 0 0 0 0 0 0 13 4 4 0 140 127 123 0 123 0 0 0 12327970 140563 0 117971 61664 190824 350666515 1510151 257743 2956287777 2956287777 0 9790246249 0 748.821565 77 670 595572 683457 94 1707 60 80000 125000 48 64000 66641 12 16000 25000 12 16000 25000 9356
1789500322847656 5 0 1 4 5 5 0 0 0 0 0 0 12 4 4 0 140 128 124 0 124 0 0 0 12330183 142626 0 119957 61743 190836 351343470 1510321 257853 3023853466 3023853466 0 9790268254 0 748.566533 69 609 554817 629128 3 1542 60 80000 125000 48 64000 65962 12 16000 25000 12 16000 25000 9356
1789500323901529 5 0 1 4 5 5 0 0 0 0 0 0 11 4 4 0 140 129 125 0 125 0 0 0 12332207 145429 0 122651 61980 190863 352101673 1800879 258015 3025580945 3025580945 0 9790283998 0 748.278151 74 662 617674 693632 9131 2283 60 80000 125000 48 64000 66644 12 16000 25000 12 16000 25000 9357
1789500326040454 5 0 1 4 5 5 0 0 0 0 0 0 10 4 3 1 140 130 126 0 126 0 0 0 14470562 145533 0 122665 62256 190893 352101682 1801006 258057 3093298847 3029813162 0 11039012590 0 720.276023 71 644 614368 682674 228 2084 60 80000 125000 48 64000 78770 12 16000 25000 12 16000 25000 10548
1789500326042970 5 0 2 3 5 5 0 0 0 0 0 0 10 3 3 0 140 130 127 0 127 0 0 0 14470562 147823 0 124868 62256 190902 352101685 1801201 258057 3093298847 3093298847 0 11039012590 0 720.163191 67 616 600266 644213 10 1883 60 80000 125000 36 48000 61877 12 16000 25000 12 16000 25000 10548
1789500328852293 5 0 1 4 5 5 0 0 0 0 0 0 8 4 4 0 140 132 128 0 128 0 0 0 15541049 147943 0 124882 62586 190927 353449478 2191747 258210 3096096082 3096096082 0 12287743258 0 746.925306 68 633 630041 670333 235 1723 60 80000 125000 48 64000 69319 12 16000 25000 12 16000 25000 11740
1789500330276715 5 0 1 4 5 5 0 0 0 0 0 0 7 4 4 0 140 133 129 0 129 0 0 0 15543038 148058 0 124899 62767 190947 354871363 2191955 258323 3098865754 3098865754 0 12287765263 0 746.826489 58 547 555143 584717 2 1479 60 80000 125000 48 64000 68081 12 16000 25000 12 16000 25000 11741
1789500330411210 5 0 1 4 5 5 0 0 0 0 0 0 6 4 4 0 140 134 130 0 130 0 0 0 15544729 221741 0 198503 62885 190966 354930165 2192115 258399 3100346962 3100346962 0 12287781007 0 743.257124 53 507 523511 546209 3 1336 60 80000 125000 48 64000 68132 12 16000 25000 12 16000 25000 11742
1789500330621944 5 0 1 4 5 5 0 0 0 0 0 0 5 4 4 0 140 135 131 0 131 0 0 0 15547187 221841 0 198516 63044 190999 355138072 2192169 258468 3104528028 3104528028 0 12287783083 0 743.136681 52 504 529552 547524 20 1209 60 80000 125000 48 64000 68132 12 16000 25000 12 16000 25000 11742
1789500332574264 5 0 1 4 5 5 0 0 0 0 0 0 4 4 4 0 140 136 132 0 132 0 0 0 15598754 224997 0 201573 63170 191021 357035432 2192235 258562 3106423560 3106423560 0 12287805088 0 740.568031 51 500 534980 536995 589 1149 60 80000 125000 48 64000 68133 12 16000 25000 12 16000 25000 11743
1789500334929655 5 0 1 4 5 5 0 0 0 0 0 0 3 4 4 0 140 137 133 0 133 0 0 0 15600290 225113 0 201590 63321 191048 359388796 2192402 258633 3110896999 3110896999 0 12287820832 0 740.491672 49 486 529000 528550 34 1041 60 80000 125000 48 64000 80740 12 16000 25000 12 16000 25000 11743
1789500339158452 5 0 0 5 5 5 0 0 0 0 0 0 2 5 5 0 140 138 133 0 133 0 0 0 17050597 225118 0 201590 63433 191065 362166926 2192594 258670 3110896999 3110896999 0 13536549424 0 747.260505 49 492 544000 528550 100 950 60 80000 125000 60 80000 98181 12 16000 25000 12 16000 25000 12935
1789500339159281 5 0 1 4 5 5 0 0 0 0 0 0 2 4 4 0 140 138 134 0 134 0 0 0 17050597 225216 0 201608 63463 191074 362167469 2192707 258670 3113667855 3113667855 0 13536549424 0 747.256266 49 492 544000 528550 100 868 60 80000 125000 48 64000 81932 12 16000 25000 12 16000 25000 12935
1789500340735786 5 0 1 4 5 5 0 0 0 0 0 0 1 4 4 0 140 139 135 0 135 0 0 0 17052394 227949 0 204256 63558 191094 363739155 2192862 258712 3115238337 3115238337 0 13536571429 0 747.061589 44 448 501960 483648 2 784 60 80000 125000 48 64000 81932 12 16000 25000 12 16000 25000 12935
1789500345780647 5 0 0 5 5 5 0 0 0 0 0 0 0 5 5 0 140 140 135 0 135 0 0 0 17053940 227963 0 204256 63605 191123 368782218 2192969 258725 3115238337 3115238337 0 13536587173 0 746.995022 44 453 515429 492677 274 735 60 80000 125000 60 80000 96990 12 16000 25000 12 16000 25000 12935
1789500360063018 5 0 0 5 5 5 0 0 0 0 0 0 0 6 5 1 140 140 135 0 135 0 0 0 17053957 227987 0 204256 63625 191170 383064083 2193251 258725 3165871413 3115238337 0 13536587173 0 746.993250 44 453 515429 492677 274 652 60 80000 125000 60 80000 96990 12 16000 25000 12 16000 25000 12935
1789500360064866 5 0 1 4 5 5 0 0 0 0 0 0 0 4 4 0 140 140 136 0 136 0 0 0 17053957 229811 0 205981 63726 191170 383064083 2193251 258725 3165871413 3165871413 0 13536587173 0 746.914418 44 453 515429 492677 274 616 60 80000 125000 48 64000 79138 12 16000 25000 12 16000 25000 12935
1789500379318144 5 0 1 4 5 5 0 0 0 0 0 0 0 5 4 1 140 140 136 0 136 0 0 0 17053986 229842 0 205981 63764 196508 401991790 2513225 258725 3214906894 3165871413 0 13536587173 0 746.911825 45 469 540919 515677 1430 802 60 80000 125000 48 64000 79138 12 16000 25000 12 16000 25000 12935
1789500379320292 5 0 2 3 5 5 0 0 0 0 0 0 0 3 3 0 140 140 137 0 137 0 0 0 17053986 231887 0 207891 63905 196570 401991790 2513225 258725 3214906894 3214906894 0 13536587173 0 746.823462 45 469 540919 515677 1430 864 60 80000 125000 36 48000 63135 12 16000 25000 12 16000 25000 12935
1789500387836333 5 0 2 3 5 5 0 0 0 0 0 0 0 4 3 1 140 140 137 0 137 0 0 0 17053998 231902 0 207891 63916 196608 410029832 2991030 258725 3270129482 3214906894 0 13536587173 0 746.822296 45 474 554694 525778 6385 1404 60 80000 125000 36 48000 63135 12 16000 25000 12 16000 25000 12935
1789500387838348 5 0 3 2 5 5 0 0 0 0 0 0 0 2 2 0 140 140 138 0 138 0 0 0 17053998 233881 0 209776 64032 196618 410029832 2991030 258725 3270129482 3270129482 0 13536587173 0 746.736804 45 474 554694 525778 6385 1891 60 80000 125000 24 32000 45519 12 16000 25000 12 16000 25000 12935
1789500388194503 5 0 4 1 5 5 0 0 0 0 0 0 0 1 1 0 140 140 139 0 139 0 0 0 17053998 236108 0 211914 64085 196638 410029838 3344853 258725 3334989791 3334989791 0 13536587173 0 746.640623 47 501 593735 561245 1341 1838 60 80000 125000 12 16000 27995 12 16000 25000 12 16000 25000 12935
1789500403213173 5 0 4 1 5 5 0 0 0 0 0 0 0 2 1 1 140 140 139 0 139 0 0 0 17054015 236133 0 211914 64107 196694 424373055 4020045 258725 3397426531 3334989791 0 13536587173 0 746.638809 48 518 621062 585455 332 1624 60 80000 125000 12 16000 27995 12 16000 25000 12 16000 25000 12935
1789500403215166 5 0 5 0 5 5 0 0 0 0 0 0 0 0 0 0 140 140 140 0 140 0 0 0 17054015 238101 0 213788 64238 196694 424373055 4020045 258725 3397426531 3397426531 0 13536587173 0 746.553835 48 518 621062 585455 332 1499 60 80000 125000 0 0 12938 12 16000 25000 12 16000 25000 12935
1789500403579903 0 0 0 0 0 5 5 5 0 0 0 0 0 0 0 0 140 140 140 0 140 0 0 0 17054015 238101 0 213788 64238 196705 424373055 4020087 258725 3397426531 3397426531 0 13536587173 0 746.553835 49 534 649000 607707 1473 1498 0 0 0 0 0 0 0 0 0 0 0 0 0
