# timestamp workers_connected workers_init workers_idle workers_busy workers_able workers_joined workers_removed workers_released workers_idled_out workers_blocked workers_slow workers_lost tasks_waiting tasks_on_workers tasks_running tasks_with_results tasks_submitted tasks_dispatched tasks_done tasks_failed tasks_successful tasks_cancelled tasks_exhausted_attempts tasks_recovery time_send time_receive time_send_good time_receive_good time_status_msgs time_internal time_polling time_application time_scheduling time_execute time_execute_good time_execute_exhaustion bytes_sent bytes_received bandwidth capacity_tasks capacity_cores capacity_memory capacity_disk capacity_instantaneous capacity_weighted total_cores total_memory total_disk committed_cores committed_memory committed_disk max_cores max_memory max_disk min_cores min_memory min_disk inuse_cache
1789756392300939 0 0 0 0 0 0 0 0 0 0 0 0 0 0 0 0 0 0 0 0 0 0 0 0 0 0 0 0 0 0 0 0 0 0 0 0 0 0 1.000000 0 0 0 0 0 0 0 0 0 0 0 0 0 0 0 0 0 0 0
1789756392302376 0 0 0 0 0 0 0 0 0 0 0 0 0 0 0 0 0 0 0 0 0 0 0 0 0 0 0 0 0 0 0 0 0 0 0 0 0 0 1.000000 10 10 5120 10240 10 10 0 0 0 0 0 0 0 0 0 0 0 0 0
1789756396590634 5 0 2 3 5 5 0 0 0 0 0 0 23 3 3 0 27 4 1 0 1 0 0 0 1800409 8435 0 1 34626 123933 2268797 3960 63 2819098 2819098 0 1000552310 0 527.519808 10 10 5120 10240 10 10 60 80000 125000 36 48000 7274 12 16000 25000 12 16000 25000 1270
1789756396750972 5 0 2 3 5 5 0 0 0 0 0 0 22 3 3 0 27 5 2 0 2 0 0 0 1801595 8508 0 2 34696 123946 2427586 4142 76 5491474 5491474 0 1000552602 0 527.153051 10 120 160000 20000 3 10 60 80000 125000 36 48000 7582 12 16000 25000 12 16000 25000 1577
1789756396846936 5 0 2 3 5 5 0 0 0 0 0 0 21 3 3 0 27 6 3 0 3 0 0 0 1802843 8589 0 3 34760 123960 2522090 4174 88 7805755 7805755 0 1000552894 0 526.766446 10 120 160000 20000 9 10 60 80000 125000 36 48000 7915 12 16000 25000 12 16000 25000 1909
1789756479058076 5 0 2 3 5 5 0 0 0 0 0 0 20 4 4 0 27 6 3 0 3 0 0 0 1803263 8617 0 3 45170 128243 84717337 4664 117 7805755 7805755 0 1000552894 0 526.636200 10 120 160000 20000 6 10 60 80000 125000 36 48000 10278 12 16000 25000 12 16000 25000 4719
1789756479058225 5 0 2 3 5 5 0 0 0 0 0 0 20 3 3 0 27 7 4 0 4 0 0 0 1803491 8694 0 16 45202 128254 84717339 4664 117 89774425 89774425 0 1000552894 0 526.547564 10 120 160000 20000 6 10 60 80000 125000 36 48000 11374 12 16000 25000 12 16000 25000 4719
1789756479514988 5 0 2 3 5 5 0 0 0 0 0 0 19 3 3 0 27 8 5 0 5 0 0 0 1803662 8766 0 28 45267 128269 85173663 4762 129 172364362 172364362 0 1000552894 0 526.476967 42 504 672000 84000 242 33 60 80000 125000 36 48000 13864 12 16000 25000 12 16000 25000 7528
1789756480100624 5 0 2 3 5 5 0 0 0 0 0 0 18 3 3 0 27 9 6 0 6 0 0 0 1803865 8847 0 40 45317 128278 85758880 4819 141 255307797 255307797 0 1000552894 0 526.394484 69 828 1104000 138000 247 55 60 80000 125000 36 48000 16339 12 16000 25000 12 16000 25000 10337
1789756481097600 5 0 2 3 5 5 0 0 0 0 0 0 17 3 3 0 27 10 7 0 7 0 0 0 1804126 8924 0 41 45468 128296 86755301 4848 172 255542395 255542395 0 1000552894 0 526.296350 91 1092 1456000 182000 267 77 60 80000 125000 36 48000 16339 12 16000 25000 12 16000 25000 10337
1789756481332120 5 0 2 3 5 5 0 0 0 0 0 0 16 3 3 0 27 11 8 0 8 0 0 0 1815443 8989 0 42 45580 128306 86978121 5021 189 255761827 255761827 0 1000553186 0 523.013122 56 672 896000 112000 1 71 60 80000 125000 36 48000 16342 12 16000 25000 12 16000 25000 10338
1789756481827647 5 0 2 3 5 5 0 0 0 0 0 0 15 3 3 0 27 12 9 0 9 0 0 0 1815748 9064 0 43 45769 128325 87472955 5106 220 256083589 256083589 0 1000553186 0 522.904209 56 672 896000 112000 15 65 60 80000 125000 36 48000 16342 12 16000 25000 12 16000 25000 10338
1789756482042460 5 0 2 3 5 5 0 0 0 0 0 0 14 3 3 0 27 13 10 0 10 0 0 0 1816685 9125 0 43 45856 128342 87686494 5254 235 256292098 256292098 0 1000553478 0 522.618539 43 516 688000 86000 1 59 60 80000 125000 36 48000 16342 12 16000 25000 12 16000 25000 10338
1789756482468568 5 0 2 3 5 5 0 0 0 0 0 0 13 3 3 0 27 14 11 0 11 0 0 0 1816898 9198 0 44 46002 128358 88112082 5308 258 256600128 256600128 0 1000553478 0 522.536687 43 516 688000 86000 32 57 60 80000 125000 36 48000 16344 12 16000 25000 12 16000 25000 10338
1789756482697866 5 0 2 3 5 5 0 0 0 0 0 0 12 3 3 0 27 15 12 0 12 0 0 0 1817756 9258 0 44 46082 128376 88340235 5408 273 256824789 256824789 0 1000553770 0 522.274286 30 360 480000 60000 1 53 60 80000 125000 36 48000 16344 12 16000 25000 12 16000 25000 10338
1789756497475360 5 0 2 3 5 5 0 0 0 0 0 0 11 4 4 0 27 15 12 0 12 0 0 0 1818097 9289 0 44 46228 128443 103116652 5643 306 256824789 256824789 0 1000553770 0 522.167967 30 360 480000 60000 47 53 60 80000 125000 36 48000 16347 12 16000 25000 12 16000 25000 10339
1789756497475394 5 0 1 4 5 5 0 0 0 0 0 0 11 4 4 0 27 16 12 0 12 0 0 0 1818343 9289 0 44 46228 128443 103116652 5643 306 256824789 256824789 0 1000553770 0 522.097683 30 360 480000 60000 47 53 60 80000 125000 48 64000 18347 12 16000 25000 12 16000 25000 10339
1789756497475594 5 0 2 3 5 5 0 0 0 0 0 0 11 3 3 0 27 16 13 0 13 0 0 0 1818343 9385 0 65 46254 128453 103116654 5692 306 272960977 272960977 0 1000553770 0 522.070260 30 360 480000 60000 47 53 60 80000 125000 36 48000 16344 12 16000 25000 12 16000 25000 10339
1789756498510768 5 0 2 3 5 5 0 0 0 0 0 0 10 3 3 0 27 17 14 0 14 0 0 0 1818605 9461 0 66 46376 128486 104151231 5774 339 273992227 273992227 0 1000553770 0 521.973732 32 384 512000 64000 868 133 60 80000 125000 36 48000 16344 12 16000 25000 12 16000 25000 10339
1789756500840116 5 0 2 3 5 5 0 0 0 0 0 0 9 3 3 0 27 18 15 0 15 0 0 0 1818880 9546 0 78 46556 128512 106479800 5962 372 292776939 292776939 0 1000553770 0 521.870960 32 384 512000 64000 244 150 60 80000 125000 36 48000 16343 12 16000 25000 12 16000 25000 10339
1789756500871318 5 0 2 3 5 5 0 0 0 0 0 0 8 3 3 0 27 19 16 0 16 0 0 0 1819046 9618 0 91 46631 128530 106510495 6116 386 310937919 310937919 0 1000553770 0 521.803039 34 408 544000 68000 1190 252 60 80000 125000 36 48000 16343 12 16000 25000 12 16000 25000 10340
1789756501590398 5 0 2 3 5 5 0 0 0 0 0 0 7 3 3 0 27 20 17 0 17 0 0 0 1819237 9686 0 92 46744 128545 107229125 6157 412 314003662 314003662 0 1000553770 0 521.729145 36 432 576000 72000 1363 361 60 80000 125000 36 48000 19153 12 16000 25000 12 16000 25000 13149
1789756501763439 5 0 2 3 5 5 0 0 0 0 0 0 6 3 3 0 27 21 18 0 18 0 0 0 1819415 9753 0 93 46802 128555 107401734 6254 426 314923839 314923839 0 1000553770 0 521.659264 36 432 576000 72000 218 348 60 80000 125000 36 48000 19153 12 16000 25000 12 16000 25000 13149
1789756501912257 5 0 2 3 5 5 0 0 0 0 0 0 5 3 3 0 27 22 19 0 19 0 0 0 1819595 9817 0 94 46890 128582 107550113 6315 440 315960244 315960244 0 1000553770 0 521.589687 36 432 576000 72000 275 342 60 80000 125000 36 48000 20558 12 16000 25000 12 16000 25000 14554
1789756503191889 5 0 2 3 5 5 0 0 0 0 0 0 4 3 3 0 27 23 20 0 20 0 0 0 1820534 9887 0 95 47054 128601 108828494 6354 471 316204018 316204018 0 1000554062 0 521.302318 37 444 592000 74000 221 331 60 80000 125000 36 48000 20560 12 16000 25000 12 16000 25000 14554
1789756507146858 5 0 3 2 5 5 0 0 0 0 0 0 4 2 2 0 27 23 21 0 21 0 0 0 1820558 1365399 0 1355380 47252 128641 111427545 6462 471 318794624 318794624 0 1000554062 414780480 423.661776 32 384 512000 64000 1 300 60 80000 125000 24 32000 19964 12 16000 25000 12 16000 25000 14554
1789756507147956 5 0 4 1 5 5 0 0 0 0 0 0 4 1 0 1 27 23 22 0 22 0 0 0 1820558 1365480 0 1355385 47359 128653 111427559 7320 471 325709549 322882696 0 1000554062 414780480 423.651005 28 336 448000 56000 2 259 60 80000 125000 12 16000 20771 12 16000 25000 12 16000 25000 17363
1789756507148116 5 0 5 0 5 5 0 0 0 0 0 0 4 0 0 0 27 23 23 0 23 0 0 0 1820558 1365550 0 1355388 47359 128660 111427562 7384 471 325709549 325709549 0 1000554062 414780480 423.641698 26 312 416000 52000 4 235 60 80000 125000 0 0 17364 12 16000 25000 12 16000 25000 17363
1789756507403909 5 0 3 2 5 5 0 0 0 0 0 0 1 2 2 0 27 26 24 0 24 0 0 0 1821829 1365618 0 1355389 47430 128676 111681865 7429 514 325951027 325951027 0 1000554354 414780480 423.463819 22 264 352000 44000 2 213 60 80000 125000 24 32000 22769 12 16000 25000 12 16000 25000 18768
1789756507447321 5 0 3 2 5 5 0 0 0 0 0 0 0 2 2 0 27 27 25 0 25 0 0 0 1822756 1365677 0 1355389 47499 128690 111724161 7460 527 326242421 326242421 0 1000554646 414780480 423.332953 22 264 352000 44000 18 195 60 80000 125000 24 32000 24176 12 16000 25000 12 16000 25000 20173
1789756513227945 5 0 3 2 5 5 0 0 0 0 0 0 0 1 1 0 27 27 26 0 26 0 0 0 1822760 1365683 0 2719005 47692 128713 116140780 7505 527 328878243 328878243 0 1000554646 829560960 547.393900 22 264 352000 44000 39 188 60 80000 125000 24 32000 27384 12 16000 25000 12 16000 25000 20173
1789756513227977 5 0 4 1 5 5 0 0 0 0 0 0 0 1 1 0 27 27 26 0 26 0 0 0 1822760 2729423 0 2719005 47692 128713 116140780 7505 527 328878243 328878243 0 1000554646 829560960 383.405994 22 264 352000 44000 39 174 60 80000 125000 12 16000 23581 12 16000 25000 12 16000 25000 20173
1789756514133799 5 0 5 0 5 5 0 0 0 0 0 0 0 0 0 0 27 27 27 0 27 0 0 0 1822760 3629362 0 3618824 47778 134073 116140786 7917 527 332289086 332289086 0 1000554646 1244341440 392.672750 18 216 288000 36000 1 144 60 80000 125000 0 0 20174 12 16000 25000 12 16000 25000 20173
1789756514215635 0 0 0 0 0 5 5 5 0 0 0 0 0 0 0 0 27 27 27 0 27 0 0 0 1822760 3629362 0 3618824 47778 134073 116140786 7917 527 332289086 332289086 0 1000554646 1244341440 392.672750 16 192 256000 32000 2 137 0 0 0 0 0 0 0 0 0 0 0 0 0
