# timestamp workers_connected workers_init workers_idle workers_busy workers_able workers_joined workers_removed workers_released workers_idled_out workers_blocked workers_slow workers_lost tasks_waiting tasks_on_workers tasks_running tasks_with_results tasks_submitted tasks_dispatched tasks_done tasks_failed tasks_successful tasks_cancelled tasks_exhausted_attempts tasks_recovery time_send time_receive time_send_good time_receive_good time_status_msgs time_internal time_polling time_application time_scheduling time_execute time_execute_good time_execute_exhaustion bytes_sent bytes_received bandwidth capacity_tasks capacity_cores capacity_memory capacity_disk capacity_instantaneous capacity_weighted total_cores total_memory total_disk committed_cores committed_memory committed_disk max_cores max_memory max_disk min_cores min_memory min_disk inuse_cache
1789999082358855 0 0 0 0 0 0 0 0 0 0 0 0 0 0 0 0 0 0 0 0 0 0 0 0 0 0 0 0 0 0 0 0 0 0 0 0 0 0 1.000000 0 0 0 0 0 0 0 0 0 0 0 0 0 0 0 0 0 0 0
1789999082501966 0 0 0 0 0 0 0 0 0 0 0 0 0 0 0 0 0 0 0 0 0 0 0 0 0 0 0 0 0 0 0 0 0 0 0 0 0 0 1.000000 10 10 5120 10240 10 10 0 0 0 0 0 0 0 0 0 0 0 0 0
1789999096105100 4 1 4 0 4 4 0 0 0 0 0 0 26 1 1 0 27 0 0 0 0 0 0 0 0 8369 0 0 35457 179247 8432984 27110 10 0 0 0 330420399 0 1.000000 10 10 5120 10240 10 10 48 64000 100000 0 0 0 12 16000 25000 12 16000 25000 1
1789999100295242 4 1 2 2 4 4 0 0 0 0 0 0 25 2 2 0 27 2 0 0 0 0 0 0 9062356 8369 0 0 35457 179247 8432984 27110 21 0 0 0 651698740 0 68.518046 10 10 5120 10240 10 10 48 64000 100000 24 32000 4002 12 16000 25000 12 16000 25000 1
1789999100295581 5 0 4 1 5 5 0 0 0 0 0 0 25 1 1 0 27 2 1 0 1 0 0 0 9062356 8451 0 1 35610 179257 8432990 27179 21 2362784 2362784 0 651698740 0 68.517426 10 10 5120 10240 10 10 60 80000 125000 12 16000 2317 12 16000 25000 12 16000 25000 316
1789999102466101 5 0 3 2 5 5 0 0 0 0 0 0 23 2 2 0 27 4 2 0 2 0 0 0 9872816 39502 0 1 200406 666986 8908492 27300 48 4464521 4464521 0 651699324 0 62.700663 10 120 160000 20000 1 10 60 80000 125000 24 32000 4933 12 16000 25000 12 16000 25000 929
1789999159310629 5 0 3 2 5 5 0 0 0 0 0 0 22 3 3 0 27 4 2 0 2 0 0 0 30403485 939098 0 1 4702762 13647042 21834501 27843 79 4464521 4464521 0 651699324 0 19.829537 10 120 160000 20000 1 10 60 80000 125000 24 32000 6645 12 16000 25000 12 16000 25000 3738
1789999159310777 5 0 3 2 5 5 0 0 0 0 0 0 22 2 2 0 27 5 3 0 3 0 0 0 30403742 939177 0 14 4702794 13647052 21834504 27843 79 63470885 63470885 0 651699324 0 19.829324 10 120 160000 20000 1 10 60 80000 125000 24 32000 8048 12 16000 25000 12 16000 25000 3738
1789999161227822 5 0 3 2 5 5 0 0 0 0 0 0 21 2 2 0 27 6 4 0 4 0 0 0 31148696 970271 0 26 4849328 14061542 22252383 27967 92 121885463 121885463 0 651699324 0 19.350215 10 120 160000 20000 6872 680 60 80000 125000 24 32000 11954 12 16000 25000 12 16000 25000 6547
1789999161336481 5 0 3 2 5 5 0 0 0 0 0 0 20 2 2 0 27 7 5 0 5 0 0 0 31194983 971803 0 26 4857191 14083627 22274697 28027 103 122141626 122141626 0 651699324 0 19.321449 11 132 176000 22000 143 629 60 80000 125000 24 32000 10549 12 16000 25000 12 16000 25000 6547
1789999161500202 5 0 3 2 5 5 0 0 0 0 0 0 19 2 2 0 27 8 6 0 6 0 0 0 31269264 973957 0 26 4868349 14115315 22306909 28090 115 122299793 122299793 0 651699616 0 19.275654 10 120 160000 20000 1 569 60 80000 125000 24 32000 10550 12 16000 25000 12 16000 25000 6548
1789999163610953 5 0 3 2 5 5 0 0 0 0 0 0 18 2 2 0 27 9 7 0 7 0 0 0 32192682 1001246 0 27 5014749 14536047 22735546 28128 131 122559782 122559782 0 651699616 0 18.723581 10 120 160000 20000 28 517 60 80000 125000 24 32000 10551 12 16000 25000 12 16000 25000 6548
1789999167713958 5 0 3 2 5 5 0 0 0 0 0 0 17 2 2 0 27 10 8 0 8 0 0 0 36295392 1001314 0 27 5014809 14536055 22735557 28257 141 122703750 122703750 0 1000552894 0 25.584072 10 120 160000 20000 1 445 60 80000 125000 24 32000 10552 12 16000 25000 12 16000 25000 6548
1789999170627071 5 0 2 3 5 5 0 0 0 0 0 0 15 3 3 0 27 12 9 0 9 0 0 0 37619682 1036877 0 28 5209782 15098028 23299891 28382 172 125612219 125612219 0 1000553478 0 24.684094 10 120 160000 20000 1 402 60 80000 125000 36 48000 13218 12 16000 25000 12 16000 25000 7213
1789999176820806 5 0 2 3 5 5 0 0 0 0 0 0 14 4 4 0 27 12 9 0 9 0 0 0 40342584 1123634 0 28 5646147 16317537 24550423 28560 192 125612219 125612219 0 1000553478 0 23.011555 10 120 160000 20000 1 363 60 80000 125000 36 48000 13554 12 16000 25000 12 16000 25000 7214
1789999176820936 5 0 2 3 5 5 0 0 0 0 0 0 14 3 3 0 27 13 10 0 10 0 0 0 40342791 1123705 0 38 5646174 16317545 24550425 28560 192 140925467 140925467 0 1000553478 0 23.011401 10 120 160000 20000 1 328 60 80000 125000 36 48000 13553 12 16000 25000 12 16000 25000 7214
1789999177454137 5 0 2 3 5 5 0 0 0 0 0 0 13 3 3 0 27 14 11 0 11 0 0 0 40616573 1132306 0 38 5691054 16443948 24680193 28672 204 141553329 141553329 0 1000553478 0 22.855755 10 120 160000 20000 1673 521 60 80000 125000 36 48000 13553 12 16000 25000 12 16000 25000 7214
1789999180792291 5 0 2 3 5 5 0 0 0 0 0 0 12 3 3 0 27 15 12 0 12 0 0 0 41956211 1183568 0 39 5940080 17145855 25401483 28717 223 144882053 144882053 0 1000553478 0 22.118847 10 120 160000 20000 113 482 60 80000 125000 36 48000 16361 12 16000 25000 12 16000 25000 10023
1789999182338661 5 0 2 3 5 5 0 0 0 0 0 0 11 3 3 0 27 16 13 0 13 0 0 0 42646864 1206705 0 39 6046440 17446876 25709319 28837 239 145081769 145081769 0 1000553770 0 21.758832 10 120 160000 20000 306 466 60 80000 125000 36 48000 16363 12 16000 25000 12 16000 25000 10023
1789999183861507 5 0 2 3 5 5 0 0 0 0 0 0 10 3 3 0 27 17 14 0 14 0 0 0 43260929 1231211 0 51 6160503 17766307 26035211 28922 250 161158683 161158683 0 1000553770 0 21.446539 10 120 160000 20000 1 400 60 80000 125000 36 48000 16362 12 16000 25000 12 16000 25000 10024
1789999184483683 5 0 2 3 5 5 0 0 0 0 0 0 9 3 3 0 27 18 15 0 15 0 0 0 43261108 1231276 0 52 6160570 17766319 26657010 28957 266 161777105 161777105 0 1000553770 0 21.446422 10 120 160000 20000 229 384 60 80000 125000 36 48000 16362 12 16000 25000 12 16000 25000 10024
1789999186342154 5 0 3 2 5 5 0 0 0 0 0 0 9 2 2 0 27 18 16 0 16 0 0 0 43261119 2649578 0 1418268 6160647 17766336 27096971 29040 266 164355684 164355684 0 1000553770 414780480 29.399857 10 120 160000 20000 158 363 60 80000 125000 24 32000 14361 12 16000 25000 12 16000 25000 10024
1789999187856420 5 0 3 2 5 5 0 0 0 0 0 0 8 2 2 0 27 19 17 0 17 0 0 0 43261362 2649667 0 1418269 6160726 17766364 28610630 29185 295 167712214 167712214 0 1000553770 414780480 29.399644 10 120 160000 20000 2 328 60 80000 125000 24 32000 17170 12 16000 25000 12 16000 25000 12833
1789999190054999 5 0 3 2 5 5 0 0 0 0 0 0 7 2 2 0 27 20 18 0 18 0 0 0 43262486 2649744 0 1418270 6160879 17766385 30807659 29336 322 167931315 167931315 0 1000554062 414780480 29.398881 10 120 160000 20000 206 312 60 80000 125000 24 32000 17171 12 16000 25000 12 16000 25000 12833
1789999193652617 5 0 4 1 5 5 0 0 0 0 0 0 7 1 1 0 27 20 19 0 19 0 0 0 43262525 3696733 0 2465164 6161014 17766416 33357920 29475 322 170467187 170467187 0 1000554062 829560960 37.166978 10 120 160000 20000 1 283 60 80000 125000 12 16000 15170 12 16000 25000 12 16000 25000 12833
1789999230333570 5 0 4 1 5 5 0 0 0 0 0 0 6 2 2 0 27 20 19 0 19 0 0 0 43262884 3696779 0 2465164 6161598 17953043 69850057 30380 369 170467187 170467187 0 1000554062 829560960 37.166657 10 120 160000 20000 3 174 60 80000 125000 12 16000 16240 12 16000 25000 12 16000 25000 15643
1789999230333731 5 0 4 1 5 5 0 0 0 0 0 0 6 1 1 0 27 21 20 0 20 0 0 0 43263138 3696863 0 2465179 6161632 17953053 69850059 30380 369 229774634 229774634 0 1000554062 829560960 37.166390 10 120 160000 20000 3 158 60 80000 125000 12 16000 17645 12 16000 25000 12 16000 25000 15643
1789999232403685 5 0 4 1 5 5 0 0 0 0 0 0 5 1 1 0 27 22 21 0 21 0 0 0 43263325 3696937 0 2465180 6161743 17953076 71919466 30516 395 230003431 230003431 0 1000554062 829560960 37.166183 10 120 160000 20000 148 158 60 80000 125000 12 16000 17645 12 16000 25000 12 16000 25000 15643
1789999232589858 5 0 4 1 5 5 0 0 0 0 0 0 4 1 1 0 27 23 22 0 22 0 0 0 43264426 3697006 0 2465180 6161825 17953091 72104218 30653 409 230185003 230185003 0 1000554354 829560960 37.165263 10 120 160000 20000 1 144 60 80000 125000 12 16000 17645 12 16000 25000 12 16000 25000 15643
1789999248089660 5 0 4 1 5 5 0 0 0 0 0 0 3 2 2 0 27 23 22 0 22 0 0 0 43264544 3697021 0 2465180 6161953 17953148 87603148 30987 434 230185003 230185003 0 1000554354 829560960 37.165158 10 120 160000 20000 39 126 60 80000 125000 12 16000 17648 12 16000 25000 12 16000 25000 15643
1789999248089799 5 0 4 1 5 5 0 0 0 0 0 0 3 1 1 0 27 24 23 0 23 0 0 0 43264750 3697103 0 2465198 6161976 17953157 87603151 30987 434 245675770 245675770 0 1000554354 829560960 37.164930 10 120 160000 20000 39 118 60 80000 125000 12 16000 17645 12 16000 25000 12 16000 25000 15643
1789999248842790 5 0 4 1 5 5 0 0 0 0 0 0 2 1 1 0 27 25 24 0 24 0 0 0 43264916 3697177 0 2465199 6162057 17953179 88355696 31074 449 246424657 246424657 0 1000554354 829560960 37.164740 10 120 160000 20000 1507 254 60 80000 125000 12 16000 17645 12 16000 25000 12 16000 25000 15643
1789999252480346 5 0 4 1 5 5 0 0 0 0 0 0 1 1 1 0 27 26 25 0 25 0 0 0 43265117 3697255 0 2465200 6162186 17953214 91992722 31139 478 250042804 250042804 0 1000554354 829560960 37.164519 10 120 160000 20000 174 247 60 80000 125000 12 16000 20455 12 16000 25000 12 16000 25000 18453
1789999254699038 5 0 4 1 5 5 0 0 0 0 0 0 0 1 1 0 27 27 26 0 26 0 0 0 43266119 3697334 0 2465200 6162327 17953235 94209998 31289 508 250256783 250256783 0 1000554646 829560960 37.163670 10 120 160000 20000 185 242 60 80000 125000 12 16000 20455 12 16000 25000 12 16000 25000 18453
1789999258420186 5 0 5 0 5 5 0 0 0 0 0 0 0 0 0 0 27 27 27 0 27 0 0 0 43266124 4865324 0 3633084 6162478 17953265 96762760 31471 508 252791803 252791803 0 1000554646 1244341440 44.480269 10 120 160000 20000 1 209 60 80000 125000 0 0 18455 12 16000 25000 12 16000 25000 18453
1789999258428433 0 0 0 0 0 5 5 5 0 0 0 0 0 0 0 0 27 27 27 0 27 0 0 0 43266124 4865324 0 3633084 6162478 17953265 96762760 31471 508 252791803 252791803 0 1000554646 1244341440 44.480269 10 120 160000 20000 3 199 0 0 0 0 0 0 0 0 0 0 0 0 0
