# timestamp workers_connected workers_init workers_idle workers_busy workers_able workers_joined workers_removed workers_released workers_idled_out workers_blocked workers_slow workers_lost tasks_waiting tasks_on_workers tasks_running tasks_with_results tasks_submitted tasks_dispatched tasks_done tasks_failed tasks_successful tasks_cancelled tasks_exhausted_attempts tasks_recovery time_send time_receive time_send_good time_receive_good time_status_msgs time_internal time_polling time_application time_scheduling time_execute time_execute_good time_execute_exhaustion bytes_sent bytes_received bandwidth capacity_tasks capacity_cores capacity_memory capacity_disk capacity_instantaneous capacity_weighted total_cores total_memory total_disk committed_cores committed_memory committed_disk max_cores max_memory max_disk min_cores min_memory min_disk inuse_cache
1789754078364625 0 0 0 0 0 0 0 0 0 0 0 0 0 0 0 0 0 0 0 0 0 0 0 0 0 0 0 0 0 0 0 0 0 0 0 0 0 0 1.000000 0 0 0 0 0 0 0 0 0 0 0 0 0 0 0 0 0 0 0
1789754078365790 0 0 0 0 0 0 0 0 0 0 0 0 0 0 0 0 0 0 0 0 0 0 0 0 0 0 0 0 0 0 0 0 0 0 0 0 0 0 1.000000 10 10 5120 10240 10 10 0 0 0 0 0 0 0 0 0 0 0 0 0
1789754087789840 1 0 1 0 1 1 0 0 0 0 0 0 26 1 1 0 27 0 0 0 0 0 0 0 194 7 0 0 469 6059 6416252 3921 42 0 0 0 330420399 0 1.000000 10 10 5120 10240 10 10 12 16000 25000 0 0 0 12 16000 25000 12 16000 25000 1
1789754094171515 5 0 3 2 5 5 0 0 0 0 0 0 24 3 3 0 27 2 0 0 0 0 0 0 2997364 8 0 0 918 6063 6416259 3921 80 0 0 0 1000552018 0 318.345792 10 10 5120 10240 10 10 60 80000 125000 24 32000 4318 12 16000 25000 12 16000 25000 316
1789754094171558 5 0 2 3 5 5 0 0 0 0 0 0 24 3 3 0 27 3 0 0 0 0 0 0 9378556 8 0 0 918 6063 6416259 3921 80 0 0 0 1000552018 0 101.742736 10 10 5120 10240 10 10 60 80000 125000 36 48000 6319 12 16000 25000 12 16000 25000 316
1789754094171862 5 0 3 2 5 5 0 0 0 0 0 0 24 2 1 1 27 3 1 0 1 0 0 0 9378556 98 0 1 1024 6074 6416266 3994 80 5473263 2682294 0 1000552018 0 101.741760 10 10 5120 10240 10 10 60 80000 125000 24 32000 4959 12 16000 25000 12 16000 25000 955
1789754094172088 5 0 4 1 5 5 0 0 0 0 0 0 24 1 1 0 27 3 2 0 2 0 0 0 9378556 174 0 2 1025 6081 6416268 4119 80 5473263 5473263 0 1000552018 0 101.740935 10 120 160000 20000 1 10 60 80000 125000 12 16000 2957 12 16000 25000 12 16000 25000 955
1789754097103425 5 0 2 3 5 5 0 0 0 0 0 0 21 3 3 0 27 6 3 0 3 0 0 0 9381954 257 0 2 1141 6106 9343907 4178 126 8398568 8398568 0 1000552894 0 101.703276 10 120 160000 20000 1 10 60 80000 125000 36 48000 7291 12 16000 25000 12 16000 25000 1288
1789754145457165 5 0 2 3 5 5 0 0 0 0 0 0 20 4 4 0 27 6 3 0 3 0 0 0 9382332 280 0 2 1314 11775 57690500 4766 159 8398568 8398568 0 1000552894 0 101.698930 10 120 160000 20000 1 10 60 80000 125000 36 48000 9031 12 16000 25000 12 16000 25000 4097
1789754145457317 5 0 2 3 5 5 0 0 0 0 0 0 20 3 3 0 27 7 4 0 4 0 0 0 9382606 369 0 15 1338 11785 57690503 4766 159 56317136 56317136 0 1000552894 0 101.694995 10 120 160000 20000 1 10 60 80000 125000 36 48000 10101 12 16000 25000 12 16000 25000 4097
1789754147018391 5 0 2 3 5 5 0 0 0 0 0 0 19 3 3 0 27 8 5 0 5 0 0 0 9382794 431 0 15 1423 11799 59251092 4881 173 56564036 56564036 0 1000552894 0 101.692286 10 120 160000 20000 110 20 60 80000 125000 36 48000 10101 12 16000 25000 12 16000 25000 4097
1789754147177142 5 0 2 3 5 5 0 0 0 0 0 0 18 3 3 0 27 9 6 0 6 0 0 0 9384473 516 0 16 1515 11810 59407892 4946 188 56717034 56717034 0 1000553186 0 101.673201 10 120 160000 20000 1 20 60 80000 125000 36 48000 10102 12 16000 25000 12 16000 25000 4097
1789754165038047 5 0 2 3 5 5 0 0 0 0 0 0 17 4 4 0 27 9 6 0 6 0 0 0 9384620 530 0 16 1960 11856 77267663 5177 213 56717034 56717034 0 1000553186 0 101.671457 10 120 160000 20000 19 20 60 80000 125000 36 48000 10104 12 16000 25000 12 16000 25000 4098
1789754165038196 5 0 2 3 5 5 0 0 0 0 0 0 17 3 3 0 27 10 7 0 7 0 0 0 9384854 617 0 28 1989 11865 77267666 5177 213 74567941 74567941 0 1000553186 0 101.667980 10 120 160000 20000 19 20 60 80000 125000 36 48000 10101 12 16000 25000 12 16000 25000 4098
1789754165667174 5 0 2 3 5 5 0 0 0 0 0 0 16 3 3 0 27 11 8 0 8 0 0 0 9385062 691 0 28 2083 11880 77896128 5287 230 75193041 75193041 0 1000553186 0 101.664925 10 120 160000 20000 1508 166 60 80000 125000 36 48000 10101 12 16000 25000 12 16000 25000 4098
1789754169458581 5 0 2 3 5 5 0 0 0 0 0 0 15 3 3 0 27 12 9 0 9 0 0 0 9385303 782 0 29 2216 11902 81686942 5363 255 78966640 78966640 0 1000553186 0 101.661329 10 120 160000 20000 152 166 60 80000 125000 36 48000 12911 12 16000 25000 12 16000 25000 6907
1789754171442274 5 0 2 3 5 5 0 0 0 0 0 0 14 3 3 0 27 13 10 0 10 0 0 0 9386338 846 0 30 2342 11923 83669210 5519 274 79165701 79165701 0 1000553478 0 101.649457 10 120 160000 20000 210 174 60 80000 125000 36 48000 12911 12 16000 25000 12 16000 25000 6907
1789754176668446 5 0 2 3 5 5 0 0 0 0 0 0 14 2 2 0 27 13 11 0 11 0 0 0 9386369 850 0 1551423 2462 11934 87343524 5593 274 82824150 82824150 0 1000553478 414780480 143.787808 10 120 160000 20000 1 166 60 80000 125000 36 48000 13309 12 16000 25000 12 16000 25000 6907
1789754176668499 5 0 3 2 5 5 0 0 0 0 0 0 14 2 2 0 27 13 11 0 11 0 0 0 9386369 1552484 0 1551423 2462 11934 87343524 5593 274 82824150 82824150 0 1000553478 414780480 123.392064 10 120 160000 20000 1 151 60 80000 125000 24 32000 10911 12 16000 25000 12 16000 25000 6907
1789754176669604 5 0 4 1 5 5 0 0 0 0 0 0 14 1 1 0 27 13 12 0 12 0 0 0 9386369 1552570 0 1551443 2541 11959 87343546 6469 274 164886155 164886155 0 1000553478 414780480 123.391093 10 120 160000 20000 3 131 60 80000 125000 12 16000 10315 12 16000 25000 12 16000 25000 8312
1789754176947229 5 0 3 2 5 5 0 0 0 0 0 0 12 2 2 0 27 15 13 0 13 0 0 0 9386735 1552631 0 1551444 2603 11978 87620578 6533 309 165150215 165150215 0 1000553478 414780480 123.386277 10 120 160000 20000 189 137 60 80000 125000 24 32000 12315 12 16000 25000 12 16000 25000 8312
1789754177163430 5 0 3 2 5 5 0 0 0 0 0 0 11 2 2 0 27 16 14 0 14 0 0 0 9388828 1552691 0 1551445 2696 11991 87834445 6591 322 165360025 165360025 0 1000553770 414780480 123.362023 10 120 160000 20000 20 127 60 80000 125000 24 32000 12316 12 16000 25000 12 16000 25000 8312
1789754183224220 5 0 3 2 5 5 0 0 0 0 0 0 10 3 3 0 27 16 14 0 14 0 0 0 9388900 1552698 0 1551445 2793 12014 93894597 6781 356 165360025 165360025 0 1000553770 414780480 123.361133 10 120 160000 20000 32 119 60 80000 125000 24 32000 13722 12 16000 25000 12 16000 25000 11122
1789754183224357 5 0 3 2 5 5 0 0 0 0 0 0 10 2 2 0 27 17 15 0 15 0 0 0 9389147 1552773 0 1551458 2817 12023 93894600 6781 356 254407520 254407520 0 1000553770 414780480 123.357502 10 120 160000 20000 32 111 60 80000 125000 24 32000 15125 12 16000 25000 12 16000 25000 11122
1789754185249328 5 0 3 2 5 5 0 0 0 0 0 0 9 2 2 0 27 18 16 0 16 0 0 0 9389361 1552849 0 1551459 2961 12042 95919003 6876 382 254606790 254606790 0 1000553770 414780480 123.354233 14 168 224000 28000 19312 1984 60 80000 125000 24 32000 15125 12 16000 25000 12 16000 25000 11122
1789754185461877 5 0 3 2 5 5 0 0 0 0 0 0 8 2 2 0 27 19 17 0 17 0 0 0 9390311 1552909 0 1551459 3051 12054 96130312 6984 397 254814599 254814599 0 1000554062 414780480 123.342874 13 156 208000 26000 1 1791 60 80000 125000 24 32000 15126 12 16000 25000 12 16000 25000 11122
1789754195139234 5 0 3 2 5 5 0 0 0 0 0 0 7 3 3 0 27 19 17 0 17 0 0 0 9390481 1552933 0 1551459 3155 12110 105806951 7103 425 254814599 254814599 0 1000554062 414780480 123.340687 13 156 208000 26000 43 1621 60 80000 125000 24 32000 15128 12 16000 25000 12 16000 25000 11122
1789754195139272 5 0 2 3 5 5 0 0 0 0 0 0 7 3 3 0 27 20 17 0 17 0 0 0 9390731 1552933 0 1551459 3155 12110 105806951 7103 425 254814599 254814599 0 1000554062 414780480 123.337869 13 156 208000 26000 43 1543 60 80000 125000 36 48000 17129 12 16000 25000 12 16000 25000 11122
1789754195139479 5 0 3 2 5 5 0 0 0 0 0 0 7 2 2 0 27 20 18 0 18 0 0 0 9390731 1553011 0 1551471 3187 12120 105806954 7156 425 272778699 272778699 0 1000554062 414780480 123.336990 13 156 208000 26000 43 1397 60 80000 125000 24 32000 15126 12 16000 25000 12 16000 25000 11122
1789754196181183 5 0 3 2 5 5 0 0 0 0 0 0 6 2 2 0 27 21 19 0 19 0 0 0 9390966 1553078 0 1551471 3293 12149 106848117 7240 452 273811670 273811670 0 1000554062 414780480 123.333587 13 156 208000 26000 1279 1387 60 80000 125000 24 32000 15126 12 16000 25000 12 16000 25000 11122
1789754199680742 5 0 3 2 5 5 0 0 0 0 0 0 5 2 2 0 27 22 20 0 20 0 0 0 9391271 1553169 0 1551472 3481 18608 110340457 7378 500 277291984 277291984 0 1000554062 414780480 123.329124 13 156 208000 26000 114 1153 60 80000 125000 24 32000 17935 12 16000 25000 12 16000 25000 13932
1789754201301151 5 0 3 2 5 5 0 0 0 0 0 0 4 2 2 0 27 23 21 0 21 0 0 0 9392478 1553239 0 1551472 3599 18626 111959185 7619 528 277531481 277531481 0 1000554354 414780480 123.314761 14 168 224000 28000 179 1059 60 80000 125000 24 32000 17935 12 16000 25000 12 16000 25000 13932
1789754201474351 5 0 3 2 5 5 0 0 0 0 0 0 3 2 2 0 27 24 22 0 22 0 0 0 9392638 1553308 0 1551482 3699 18639 112131837 7804 542 293535384 293535384 0 1000554354 414780480 123.312182 13 156 208000 26000 1 910 60 80000 125000 24 32000 17936 12 16000 25000 12 16000 25000 13932
1789754202512516 5 0 3 2 5 5 0 0 0 0 0 0 2 2 2 0 27 25 23 0 23 0 0 0 9392846 1553379 0 1551483 3814 18656 113169529 7846 564 294569374 294569374 0 1000554354 414780480 123.309039 13 156 208000 26000 1679 986 60 80000 125000 24 32000 17936 12 16000 25000 12 16000 25000 13932
1789754206036019 5 0 4 1 5 5 0 0 0 0 0 0 2 1 1 0 27 25 24 0 24 0 0 0 9392872 2871013 0 2869014 3976 18688 115375071 7926 564 297970689 297970689 0 1000554354 829560960 142.314933 14 168 224000 28000 239 914 60 80000 125000 12 16000 15935 12 16000 25000 12 16000 25000 13932
1789754206036340 5 0 5 0 5 5 0 0 0 0 0 0 2 0 0 0 27 25 25 0 25 0 0 0 9392872 2871086 0 2869015 4057 18696 115375079 8056 564 301344422 301344422 0 1000554354 829560960 142.314086 13 156 208000 26000 3 826 60 80000 125000 0 0 15339 12 16000 25000 12 16000 25000 15337
1789754206248181 5 0 4 1 5 5 0 0 0 0 0 0 0 1 1 0 27 27 26 0 26 0 0 0 9394180 2871151 0 2869016 4255 18714 115585246 8124 597 301544063 301544063 0 1000554646 829560960 142.298178 13 156 208000 26000 23 748 60 80000 125000 12 16000 18743 12 16000 25000 12 16000 25000 16742
1789754212326588 5 0 4 1 5 5 0 0 0 0 0 0 0 2 1 1 27 27 26 0 26 0 0 0 9394194 2871165 0 2869016 4875 18766 121662687 8317 597 304822726 301544063 0 1000554646 829560960 142.297853 13 156 208000 26000 17 678 60 80000 125000 12 16000 20544 12 16000 25000 12 16000 25000 17137
1789754213071004 5 0 5 0 5 5 0 0 0 0 0 0 0 0 0 0 27 27 27 0 27 0 0 0 9394194 3615546 0 3613289 4939 18777 121662687 8317 597 304822726 304822726 0 1000554646 1244341440 164.561301 13 156 208000 26000 17 614 60 80000 125000 0 0 16743 12 16000 25000 12 16000 25000 16742
1789754213084157 0 0 0 0 0 5 5 5 0 0 0 0 0 0 0 0 27 27 27 0 27 0 0 0 9394194 3615546 0 3613289 4939 18777 121662687 8317 597 304822726 304822726 0 1000554646 1244341440 164.561301 12 144 192000 24000 1 584 0 0 0 0 0 0 0 0 0 0 0 0 0
