# timestamp workers_connected workers_init workers_idle workers_busy workers_able workers_joined workers_removed workers_released workers_idled_out workers_blocked workers_slow workers_lost tasks_waiting tasks_on_workers tasks_running tasks_with_results tasks_submitted tasks_dispatched tasks_done tasks_failed tasks_successful tasks_cancelled tasks_exhausted_attempts tasks_recovery time_send time_receive time_send_good time_receive_good time_status_msgs time_internal time_polling time_application time_scheduling time_execute time_execute_good time_execute_exhaustion bytes_sent bytes_received bandwidth capacity_tasks capacity_cores capacity_memory capacity_disk capacity_instantaneous capacity_weighted total_cores total_memory total_disk committed_cores committed_memory committed_disk max_cores max_memory max_disk min_cores min_memory min_disk inuse_cache
1791385801301557 0 0 0 0 0 0 0 0 0 0 0 0 0 0 0 0 0 0 0 0 0 0 0 0 0 0 0 0 0 0 0 0 0 0 0 0 0 0 1.000000 0 0 0 0 0 0 0 0 0 0 0 0 0 0 0 0 0 0 0
1791385801302724 0 0 0 0 0 0 0 0 0 0 0 0 0 0 0 0 0 0 0 0 0 0 0 0 0 0 0 0 0 0 0 0 0 0 0 0 0 0 1.000000 10 10 5120 10240 10 10 0 0 0 0 0 0 0 0 0 0 0 0 0
1791385806508429 4 1 4 0 4 4 0 0 0 0 0 0 139 1 1 0 140 0 0 0 0 0 0 0 0 3232 0 0 15844 51193 5094971 21170 12 0 0 0 25054 0 1.000000 10 10 5120 10240 10 10 48 64000 100000 0 0 0 12 16000 25000 12 16000 25000 1
1791385811586677 5 0 0 5 5 5 0 0 0 0 0 0 131 9 9 0 140 9 0 0 0 0 0 0 2071414 3238 0 0 16093 51214 8102648 21170 1285 0 0 0 1580581967 0 726.560612 10 10 5120 10240 10 10 60 80000 125000 60 24000 60648 12 16000 25000 12 16000 25000 1508
1791385812276540 5 0 1 4 5 5 0 0 0 0 0 0 131 8 8 0 140 9 1 0 1 0 0 0 2071659 3366 0 28 16164 51245 8791938 21243 1474 3691714 3691714 0 1580581967 0 726.430008 10 10 5120 10240 10 10 60 80000 125000 48 8000 41521 12 16000 25000 12 16000 25000 1509
1791385817287759 5 0 0 5 5 5 0 0 0 0 0 0 129 10 10 0 140 11 1 0 1 0 0 0 2074004 3373 0 28 16215 51273 13800263 21373 3083 3691714 3691714 0 1580581967 0 725.607546 10 120 160000 176190 2 10 60 80000 125000 60 10000 51523 12 16000 25000 12 16000 25000 1509
1791385825104360 5 0 0 5 5 5 0 0 0 0 0 0 129 11 10 1 140 11 1 0 1 0 0 0 2075825 3384 0 28 16224 51321 21614626 21594 4361 22286097 3691714 0 1580581967 0 724.968210 10 120 160000 176190 2 10 60 80000 125000 60 10000 51524 12 16000 25000 12 16000 25000 1509
1791385825105085 5 0 0 5 5 5 0 0 0 0 0 0 129 9 9 0 140 11 2 0 2 0 0 0 2075825 4065 0 627 16341 51341 21614626 21594 4361 22286097 22286097 0 1580581967 0 724.730840 10 120 160000 176190 2 10 60 80000 125000 54 9000 46521 12 16000 25000 12 16000 25000 1509
1791385825526887 5 0 0 5 5 5 0 0 0 0 0 0 128 9 9 0 140 12 3 0 3 0 0 0 2076667 4506 0 1001 16393 51360 22031193 25457 4881 41303083 41303083 0 1580581967 0 724.284059 11 99 93500 124405 8710 859 60 80000 125000 54 9000 46521 12 16000 25000 12 16000 25000 1510
1791385829132297 5 0 0 5 5 5 0 0 0 0 0 0 127 9 9 0 140 13 4 0 4 0 0 0 2078053 5284 0 1698 16479 51382 25631489 28274 5902 63922732 63922732 0 1580581967 0 723.531731 20 160 120000 184127 7502 1508 60 80000 125000 54 9000 46519 12 16000 25000 12 16000 25000 1510
1791385834143582 5 0 0 5 5 5 0 0 0 0 0 0 126 10 10 0 140 14 4 0 4 0 0 0 2079776 5289 0 1698 16497 51407 30636336 32623 7083 63922732 63922732 0 1580581967 0 722.932104 31 233 147250 252798 8292 2171 60 80000 125000 60 10000 51519 12 16000 25000 12 16000 25000 1510
1791385837248838 5 0 0 5 5 5 0 0 0 0 0 0 126 9 9 0 140 14 5 0 5 0 0 0 2080754 5880 0 2203 16584 51433 33739777 32725 7797 94660625 94660625 0 1580581967 0 722.388510 31 233 147250 252798 8292 3046 60 80000 125000 54 9000 46517 12 16000 25000 12 16000 25000 1510
1791385837349343 5 0 0 5 5 5 0 0 0 0 0 0 125 9 9 0 140 15 6 0 6 0 0 0 2081493 6432 0 2687 16628 51447 33834858 36775 8295 125497116 125497116 0 1580581967 0 721.941845 46 332 184000 346095 13711 4087 60 80000 125000 54 9000 46517 12 16000 25000 12 16000 25000 1510
1791385840695634 5 0 0 5 5 5 0 0 0 0 0 0 124 9 9 0 140 16 7 0 7 0 0 0 2082964 7048 0 3206 16711 51478 37175486 40214 9294 153910718 153910718 0 1580581967 0 721.220944 61 427 213500 433294 16112 5261 60 80000 125000 54 9000 46515 12 16000 25000 12 16000 25000 1510
1791385840716464 5 0 0 5 5 5 0 0 0 0 0 0 123 9 9 0 140 17 8 0 8 0 0 0 2083709 7391 0 3485 16758 51491 37192837 42520 9785 182345857 182345857 0 1580581967 0 720.845692 74 508 232572 503401 5630 5315 60 80000 125000 54 9000 46515 12 16000 25000 12 16000 25000 1510
1791385844612474 5 0 0 5 5 5 0 0 0 0 0 0 122 9 9 0 140 18 9 0 9 0 0 0 2085063 8018 0 4030 16845 51515 41084625 44625 10748 220443671 220443671 0 1580581967 0 720.163447 88 594 253000 578809 6251 5407 60 80000 125000 54 9000 46513 12 16000 25000 12 16000 25000 1510
1791385844684234 5 0 0 5 5 5 0 0 0 0 0 0 121 9 9 0 140 19 10 0 10 0 0 0 2085802 8405 0 4354 16896 51527 41150955 48845 11224 258614278 258614278 0 1580581967 0 719.776234 106 707 282667 678624 15894 6431 60 80000 125000 54 9000 46513 12 16000 25000 12 16000 25000 1510
1791385846437618 5 0 0 5 5 5 0 0 0 0 0 0 120 9 9 0 140 20 11 0 11 0 0 0 2086720 9121 0 4996 16953 51543 42898493 52965 11878 279940939 279940939 0 1580581967 0 719.215068 124 819 310000 776476 14981 7266 60 80000 125000 54 9000 46513 12 16000 25000 12 16000 25000 1510
1791385846498370 5 0 0 5 5 5 0 0 0 0 0 0 119 9 9 0 140 21 12 0 12 0 0 0 2087422 9489 0 5300 17004 51556 42954065 56991 12347 300908149 300908149 0 1580581967 0 718.848071 134 878 316728 823723 11267 7838 60 80000 125000 54 9000 46513 12 16000 25000 12 16000 25000 1510
1791385850219960 5 0 0 5 5 5 0 0 0 0 0 0 118 9 9 0 140 22 13 0 13 0 0 0 2088821 10090 0 5810 17101 51582 46669375 61121 13305 344616735 344616735 0 1580581967 0 718.163098 144 936 324000 871428 15452 8581 60 80000 125000 54 9000 46513 12 16000 25000 12 16000 25000 1510
1791385855230908 5 0 0 5 5 5 0 0 0 0 0 0 117 10 10 0 140 23 13 0 13 0 0 0 2090402 10096 0 5810 17121 51601 51674567 65196 14440 344616735 344616735 0 1580581967 0 717.620501 164 1060 353231 979194 27542 9530 60 80000 125000 60 10000 51513 12 16000 25000 12 16000 25000 1510
1791385855733400 5 0 0 5 5 5 0 0 0 0 0 0 117 9 9 0 140 23 14 0 14 0 0 0 2090596 10672 0 6311 17174 51624 52176093 65293 14600 371211693 371211693 0 1580581967 0 717.357532 164 1060 353231 979194 27542 12100 60 80000 125000 54 9000 46513 12 16000 25000 12 16000 25000 1510
1791385860743635 5 0 0 5 5 5 0 0 0 0 0 0 116 10 10 0 140 24 14 0 14 0 0 0 2092181 10676 0 6311 17190 51647 57181732 67663 15749 371211693 371211693 0 1580581967 0 716.815469 177 1138 366643 1044541 15926 12292 60 80000 125000 60 10000 51513 12 16000 25000 12 16000 25000 1510
1791385865645611 5 0 0 5 5 5 0 0 0 0 0 0 116 9 9 0 140 24 15 0 15 0 0 0 2093538 11462 0 6997 17306 59495 62073406 67829 16596 399501609 399501609 0 1580581967 0 716.085713 177 1138 366643 1044541 15926 12967 60 80000 125000 54 9000 46513 12 16000 25000 12 16000 25000 1510
1791385865985962 5 0 0 5 5 5 0 0 0 0 0 0 115 9 9 0 140 25 16 0 16 0 0 0 2094635 12003 0 7467 17356 59524 62409953 69892 17068 415262121 415262121 0 1580581967 0 715.528927 190 1216 380000 1109841 10162 12694 60 80000 125000 54 9000 46513 12 16000 25000 12 16000 25000 1510
1791385866426246 5 0 0 5 5 5 0 0 0 0 0 0 114 9 9 0 140 26 17 0 17 0 0 0 2095331 12528 0 7921 17413 59540 62846945 71871 17530 435177208 435177208 0 1580581967 0 715.114449 197 1256 381688 1140372 12180 12622 60 80000 125000 54 9000 46513 12 16000 25000 12 16000 25000 1510
1791385870400511 5 0 0 5 5 5 0 0 0 0 0 0 113 9 9 0 140 27 18 0 18 0 0 0 2096841 13148 0 8447 17519 59572 66817004 73786 18481 459134120 459134120 0 1580581967 0 714.392552 206 1309 387765 1182913 2329 11620 60 80000 125000 54 9000 46513 12 16000 25000 12 16000 25000 1510
1791385871297034 5 0 0 5 5 5 0 0 0 0 0 0 112 9 9 0 140 28 19 0 19 0 0 0 2097952 13698 0 8916 17582 59587 67709676 75874 18932 493176821 493176821 0 1580581967 0 713.830619 217 1375 397834 1237130 13077 11763 60 80000 125000 54 9000 46513 12 16000 25000 12 16000 25000 1510
1791385876304661 5 0 0 5 5 5 0 0 0 0 0 0 111 10 10 0 140 29 19 0 19 0 0 0 2099775 13709 0 8916 17598 59619 72713350 77886 20011 493176821 493176821 0 1580581967 0 713.211184 233 1472 416948 1319749 25771 13130 60 80000 125000 60 10000 51513 12 16000 25000 12 16000 25000 1510
1791385876642103 5 0 0 5 5 5 0 0 0 0 0 0 111 9 9 0 140 29 20 0 20 0 0 0 2099972 14271 0 9391 17651 59633 73049832 77987 20160 514081266 514081266 0 1580581967 0 712.955146 233 1472 416948 1319749 25771 14935 60 80000 125000 54 9000 46513 12 16000 25000 12 16000 25000 1510
1791385876882504 5 0 0 5 5 5 0 0 0 0 0 0 110 9 9 0 140 30 21 0 21 0 0 0 2100659 14861 0 9913 17717 59649 73286853 79988 20605 546345333 546345333 0 1580581967 0 712.524782 243 1531 425250 1368321 11865 14637 60 80000 125000 54 9000 46513 12 16000 25000 12 16000 25000 1511
1791385876912320 5 0 0 5 5 5 0 0 0 0 0 0 109 9 9 0 140 31 22 0 22 0 0 0 2101337 15266 0 10254 17773 59662 73313132 82354 21038 578567955 578567955 0 1580581967 0 712.160205 258 1622 442286 1445034 19746 15136 60 80000 125000 54 9000 46513 12 16000 25000 12 16000 25000 1511
1791385881921311 5 0 0 5 5 5 0 0 0 0 0 0 108 10 10 0 140 32 22 0 22 0 0 0 2102807 15270 0 10254 17788 59685 78316970 85946 22054 578567955 578567955 0 1580581967 0 711.664603 273 1713 459137 1521591 25861 15673 60 80000 125000 60 10000 51513 12 16000 25000 12 16000 25000 1511
1791385888184048 5 0 0 5 5 5 0 0 0 0 0 0 108 11 10 1 140 32 22 0 22 0 0 0 2104296 15282 0 10254 17841 59711 84577894 86115 23027 601102622 578567955 0 1580581967 0 711.160631 273 1713 459137 1521591 25861 17127 60 80000 125000 60 10000 51514 12 16000 25000 12 16000 25000 1511
1791385888184684 5 0 0 5 5 5 0 0 0 0 0 0 108 9 9 0 140 32 23 0 23 0 0 0 2104296 15875 0 10768 17890 59731 84577894 86115 23027 601102622 601102622 0 1580581967 0 710.961723 273 1713 459137 1521591 25861 17979 60 80000 125000 54 9000 46513 12 16000 25000 12 16000 25000 1511
1791385890134958 5 0 0 5 5 5 0 0 0 0 0 0 107 9 9 0 140 33 24 0 24 0 0 0 2105200 16499 0 11303 17963 59752 86524300 88342 23622 624799025 624799025 0 1580581967 0 710.449704 283 1772 467566 1570269 10230 17224 60 80000 125000 54 9000 46513 12 16000 25000 12 16000 25000 1511
1791385890526885 5 0 0 5 5 5 0 0 0 0 0 0 106 9 9 0 140 34 25 0 25 0 0 0 2105852 17072 0 11805 18024 59770 86911998 91248 24047 674603911 674603911 0 1580581967 0 710.039750 293 1832 476125 1619057 2308 15771 60 80000 125000 54 9000 46514 12 16000 25000 12 16000 25000 1511
1791385890719376 5 0 0 5 5 5 0 0 0 0 0 0 105 9 9 0 140 35 26 0 26 0 0 0 2106509 17458 0 12120 18074 59783 87101260 93355 24458 724623716 724623716 0 1580581967 0 709.691077 316 1972 505600 1739505 14984 15695 60 80000 125000 54 9000 46514 12 16000 25000 12 16000 25000 1511
1791385894272270 5 0 0 5 5 5 0 0 0 0 0 0 104 9 9 0 140 36 27 0 27 0 0 0 2107769 18023 0 12594 18160 59809 90648754 96795 25289 748491128 748491128 0 1580581967 0 709.081804 339 2113 534577 1859533 32887 17372 60 80000 125000 54 9000 46514 12 16000 25000 12 16000 25000 1511
1791385894460405 5 0 0 5 5 5 0 0 0 0 0 0 103 9 9 0 140 37 28 0 28 0 0 0 2108431 18572 0 13078 18219 59824 90832191 100189 25715 776962150 776962150 0 1580581967 0 708.678092 350 2178 544445 1913580 11201 16493 60 80000 125000 54 9000 46514 12 16000 25000 12 16000 25000 1511
1791385899181880 5 0 0 5 5 5 0 0 0 0 0 0 102 10 10 0 140 38 28 0 28 0 0 0 2110115 18580 0 13078 18287 59849 95549895 102134 26704 776962150 776962150 0 1580581967 0 708.114797 363 2256 557465 1978597 21232 16730 60 80000 125000 60 10000 51515 12 16000 25000 12 16000 25000 1511
1791385899182606 5 0 0 5 5 5 0 0 0 0 0 0 102 9 9 0 140 38 29 0 29 0 0 0 2110115 19189 0 13609 18307 59858 95549898 102199 26704 799498672 799498672 0 1580581967 0 707.912269 363 2256 557465 1978597 21232 17170 60 80000 125000 54 9000 46514 12 16000 25000 12 16000 25000 1511
1791385899567402 5 0 0 5 5 5 0 0 0 0 0 0 101 9 9 0 140 39 30 0 30 0 0 0 2110857 19815 0 14116 18393 59879 95929078 106319 27133 827765493 827765493 0 1580581967 0 707.457754 373 2316 565932 2027307 12104 16677 60 80000 125000 54 9000 46514 12 16000 25000 12 16000 25000 1511
1791385901095236 5 0 0 5 5 5 0 0 0 0 0 0 100 9 9 0 140 40 31 0 31 0 0 0 2111848 20433 0 14643 18493 59899 97453078 108399 27693 840671866 840671866 0 1580581967 0 706.923912 386 2394 579000 2092365 20648 17245 60 80000 125000 54 9000 46514 12 16000 25000 12 16000 25000 1511
1791385901821178 5 0 0 5 5 5 0 0 0 0 0 0 99 9 9 0 140 41 32 0 32 0 0 0 2112655 21024 0 15162 18548 59914 98175620 110303 28234 865575367 865575367 0 1580581967 0 706.460731 391 2422 580194 2114163 7061 16253 60 80000 125000 54 9000 46514 12 16000 25000 12 16000 25000 1511
1791385906830050 5 0 0 5 5 5 0 0 0 0 0 0 98 10 10 0 140 42 32 0 32 0 0 0 2114210 21031 0 15162 18563 59929 103180959 112196 29265 865575367 865575367 0 1580581967 0 705.943932 403 2494 591907 2173921 15030 16192 60 80000 125000 60 10000 51514 12 16000 25000 12 16000 25000 1511
1791385907224016 5 0 0 5 5 5 0 0 0 0 0 0 98 9 9 0 140 42 33 0 33 0 0 0 2114379 21600 0 15653 18615 59940 103573993 112305 29389 895912576 895912576 0 1580581967 0 705.700022 403 2494 591907 2173921 15030 16027 60 80000 125000 54 9000 46514 12 16000 25000 12 16000 25000 1511
1791385912232012 5 0 0 5 5 5 0 0 0 0 0 0 97 10 10 0 140 43 33 0 33 0 0 0 2116060 21609 0 15653 18628 59958 108578276 114245 30473 895912576 895912576 0 1580581967 0 705.142109 416 2572 605091 2239076 16642 16058 60 80000 125000 60 10000 51514 12 16000 25000 12 16000 25000 1511
1791385917690110 5 0 0 5 5 5 0 0 0 0 0 0 97 11 10 1 140 43 33 0 33 0 0 0 2117147 21610 0 15653 18680 59971 114034966 114437 31254 923463121 895912576 0 1580581967 0 704.783398 416 2572 605091 2239076 16642 16143 60 80000 125000 60 10000 51515 12 16000 25000 12 16000 25000 1511
1791385917690716 5 0 0 5 5 5 0 0 0 0 0 0 97 9 9 0 140 43 34 0 34 0 0 0 2117147 22187 0 16152 18724 59980 114034966 114437 31254 923463121 923463121 0 1580581967 0 704.593311 416 2572 605091 2239076 16642 16192 60 80000 125000 54 9000 46514 12 16000 25000 12 16000 25000 1511
1791385922570920 5 0 0 5 5 5 0 0 0 0 0 0 96 10 10 0 140 44 34 0 34 0 0 0 2118718 22194 0 16152 18792 72788 118898758 116363 32289 923463121 923463121 0 1580581967 0 704.073977 429 2650 618265 2304223 12586 15841 60 80000 125000 60 10000 51515 12 16000 25000 12 16000 25000 1511
1791385922571756 5 0 0 5 5 5 0 0 0 0 0 0 96 9 9 0 140 44 35 0 35 0 0 0 2118718 22824 0 16702 18814 72798 118898762 116511 32289 946845490 946845490 0 1580581967 0 703.866852 429 2650 618265 2304223 12586 15379 60 80000 125000 54 9000 46514 12 16000 25000 12 16000 25000 1511
1791385924334572 5 0 0 5 5 5 0 0 0 0 0 0 95 9 9 0 140 45 36 0 36 0 0 0 2119748 23418 0 17209 18899 72817 120657920 118423 32929 970081023 970081023 0 1580581967 0 703.333492 439 2710 627143 2353279 9206 14778 60 80000 125000 54 9000 46514 12 16000 25000 12 16000 25000 1511
1791385928085578 5 0 0 5 5 5 0 0 0 0 0 0 94 9 9 0 140 46 37 0 37 0 0 0 2121501 24003 0 17709 19299 72841 124404181 120379 34075 996341467 996341467 0 1580581967 0 702.567055 449 2769 636084 2402387 13158 14621 60 80000 125000 54 9000 46514 12 16000 25000 12 16000 25000 1511
1791385928213100 5 0 0 5 5 5 0 0 0 0 0 0 93 9 9 0 140 47 38 0 38 0 0 0 2123351 24366 0 17999 19341 72855 124527427 122366 34585 1017327120 1017327120 0 1580581967 0 701.843132 461 2841 647892 2462226 13495 14462 60 80000 125000 54 9000 46514 12 16000 25000 12 16000 25000 1511
1791385928610513 5 0 0 5 5 5 0 0 0 0 0 0 92 9 9 0 140 48 39 0 39 0 0 0 2124094 24892 0 18454 19386 72868 124921672 124189 35082 1051660321 1051660321 0 1580581967 0 701.428686 471 2901 656922 2511410 15196 14534 60 80000 125000 54 9000 46514 12 16000 25000 12 16000 25000 1512
1791385930011811 5 0 0 5 5 5 0 0 0 0 0 0 91 9 9 0 140 49 40 0 40 0 0 0 2125065 25436 0 18908 19470 72890 126319455 126064 35706 1082100882 1082100882 0 1580581967 0 700.934539 486 2991 672924 2587253 22324 15294 60 80000 125000 54 9000 46514 12 16000 25000 12 16000 25000 1512
1791385930300189 5 0 0 5 5 5 0 0 0 0 0 0 90 9 9 0 140 50 41 0 41 0 0 0 2125831 25830 0 19231 19522 72906 126604556 128091 36193 1117937510 1117937510 0 1580581967 0 700.556652 500 3075 687500 2657738 18676 15625 60 80000 125000 54 9000 46514 12 16000 25000 12 16000 25000 1512
1791385935309053 5 0 0 5 5 5 0 0 0 0 0 0 89 10 10 0 140 51 41 0 41 0 0 0 2127441 25840 0 19231 19536 72930 131609665 130139 37142 1117937510 1117937510 0 1580581967 0 700.029595 516 3172 704781 2738815 32491 16469 60 80000 125000 60 10000 51514 12 16000 25000 12 16000 25000 1512
1791385939424962 5 0 0 5 5 5 0 0 0 0 0 0 89 9 9 0 140 51 42 0 42 0 0 0 2128390 26456 0 19757 19622 72954 135723754 130233 37719 1166637949 1166637949 0 1580581967 0 699.521185 516 3172 704781 2738815 32491 18755 60 80000 125000 54 9000 46514 12 16000 25000 12 16000 25000 1512
1791385939621910 5 0 0 5 5 5 0 0 0 0 0 0 88 9 9 0 140 52 43 0 43 0 0 0 2129616 26843 0 20057 19700 72972 135916946 132259 38185 1215729253 1215729253 0 1580581967 0 698.997953 538 3305 730143 2851644 30765 19927 60 80000 125000 54 9000 46514 12 16000 25000 12 16000 25000 1512
1791385940884862 5 0 0 5 5 5 0 0 0 0 0 0 87 9 9 0 140 53 44 0 44 0 0 0 2130662 27444 0 20565 19793 72992 137176001 134373 38795 1238919669 1238919669 0 1580581967 0 698.464499 560 3439 755349 2964341 32904 21193 60 80000 125000 54 9000 46514 12 16000 25000 12 16000 25000 1512
1791385943177035 5 0 0 5 5 5 0 0 0 0 0 0 86 9 9 0 140 54 45 0 45 0 0 0 2131749 28004 0 21042 19863 73016 139464336 136447 39503 1242658245 1242658245 0 1580581967 0 697.931859 571 3504 765660 3018761 13829 20144 60 80000 125000 54 9000 46514 12 16000 25000 12 16000 25000 1512
1791385943683154 5 0 0 5 5 5 0 0 0 0 0 0 85 9 9 0 140 55 46 0 46 0 0 0 2132479 28458 0 21416 19912 73030 139967277 138355 39978 1246715807 1246715807 0 1580581967 0 697.549455 569 3490 758667 3004561 330 18213 60 80000 125000 54 9000 46514 12 16000 25000 12 16000 25000 1512
1791385945223700 5 0 0 5 5 5 0 0 0 0 0 0 84 9 9 0 140 56 47 0 47 0 0 0 2133425 29292 0 22163 20000 73050 141503884 140387 40561 1269363764 1269363764 0 1580581967 0 696.975345 571 3501 757196 3011641 2805 16712 60 80000 125000 54 9000 46514 12 16000 25000 12 16000 25000 1512
1791385946870162 5 0 0 5 5 5 0 0 0 0 0 0 83 9 9 0 140 57 48 0 48 0 0 0 2134319 29866 0 22646 20068 73065 143146697 142461 41123 1291895548 1291895548 0 1580581967 0 696.502576 581 3561 766426 3060993 11621 16217 60 80000 125000 54 9000 46514 12 16000 25000 12 16000 25000 1512
1791385951086278 5 0 0 5 5 5 0 0 0 0 0 0 82 10 10 0 140 58 48 0 48 0 0 0 2135955 29875 0 22646 20138 73088 147359043 144457 42050 1291895548 1291895548 0 1580581967 0 695.973565 591 3620 775688 3110372 13085 15913 60 80000 125000 60 10000 51515 12 16000 25000 12 16000 25000 1512
1791385951087043 5 0 0 5 5 5 0 0 0 0 0 0 82 9 9 0 140 58 49 0 49 0 0 0 2135955 30462 0 23146 20159 73097 147359047 144576 42050 1314891997 1314891997 0 1580581967 0 695.784988 591 3620 775688 3110372 13085 15638 60 80000 125000 54 9000 46514 12 16000 25000 12 16000 25000 1512
1791385951287168 5 0 0 5 5 5 0 0 0 0 0 0 81 9 9 0 140 59 50 0 50 0 0 0 2136652 30896 0 23516 20205 73108 147555993 146550 42484 1337962893 1337962893 0 1580581967 0 695.421936 600 3674 783674 3154519 7933 14887 60 80000 125000 54 9000 46514 12 16000 25000 12 16000 25000 1512
1791385952954966 5 0 0 5 5 5 0 0 0 0 0 0 80 9 9 0 140 60 51 0 51 0 0 0 2137614 31537 0 24066 20306 73128 149220093 148504 43074 1362303541 1362303541 0 1580581967 0 694.908020 10954 65724 10954000 54770000 18457 15236 60 80000 125000 54 9000 46514 12 16000 25000 12 16000 25000 1512
1791385957964129 5 0 0 5 5 5 0 0 0 0 0 0 79 10 10 0 140 61 51 0 51 0 0 0 2138916 31540 0 24066 20319 73142 154225719 150656 43913 1362303541 1362303541 0 1580581967 0 694.490202 11031 66186 11031000 55155000 13493 15067 60 80000 125000 60 10000 51514 12 16000 25000 12 16000 25000 1512
1791385963647021 5 0 0 5 5 5 0 0 0 0 0 0 79 11 10 1 140 61 51 0 51 0 0 0 2139890 31548 0 24066 20322 73160 159907318 150845 44475 1385062434 1362303541 0 1580581967 0 694.176130 11031 66186 11031000 55155000 13493 14844 60 80000 125000 60 10000 51515 12 16000 25000 12 16000 25000 1512
1791385963647637 5 0 0 5 5 5 0 0 0 0 0 0 79 9 9 0 140 61 52 0 52 0 0 0 2139890 32133 0 24572 20415 73169 159907318 150845 44475 1385062434 1385062434 0 1580581967 0 693.989164 11031 66186 11031000 55155000 13493 14713 60 80000 125000 54 9000 46514 12 16000 25000 12 16000 25000 1512
1791385964693516 5 0 0 5 5 5 0 0 0 0 0 0 78 9 9 0 140 62 53 0 53 0 0 0 2140740 32747 0 25108 20476 73186 160949629 152855 45001 1419451922 1419451922 0 1580581967 0 693.521713 11140 66840 11140000 55700000 13515 14598 60 80000 125000 54 9000 46514 12 16000 25000 12 16000 25000 1512
1791385965255224 5 0 0 5 5 5 0 0 0 0 0 0 77 9 9 0 140 63 54 0 54 0 0 0 2141404 33149 0 25438 20528 73216 161508201 154819 45397 1454691719 1454691719 0 1580581967 0 693.181738 11336 68016 11336000 56680000 20507 15175 60 80000 125000 54 9000 46514 12 16000 25000 12 16000 25000 1512
1791385970263279 5 0 0 5 5 5 0 0 0 0 0 0 76 10 10 0 140 64 54 0 54 0 0 0 2142838 33157 0 25438 20542 73234 166512684 156858 46253 1454691719 1454691719 0 1580581967 0 692.722376 11448 68688 11448000 57240000 24104 15622 60 80000 125000 60 10000 51514 12 16000 25000 12 16000 25000 1512
1791385970408677 5 0 0 5 5 5 0 0 0 0 0 0 76 9 9 0 140 64 55 0 55 0 0 0 2142985 33727 0 25928 20606 73245 166657160 156961 46350 1481919514 1481919514 0 1580581967 0 692.494196 11448 68688 11448000 57240000 24104 16833 60 80000 125000 54 9000 46514 12 16000 25000 12 16000 25000 1513
1791385971108206 5 0 0 5 5 5 0 0 0 0 0 0 75 9 9 0 140 65 56 0 56 0 0 0 2143655 34217 0 26349 20658 73259 167353448 158955 46759 1509341054 1509341054 0 1580581967 0 692.125353 11427 68562 11427000 57135000 14977 16653 60 80000 125000 54 9000 46514 12 16000 25000 12 16000 25000 1513
1791385976117050 5 0 0 5 5 5 0 0 0 0 0 0 74 10 10 0 140 66 56 0 56 0 0 0 2144993 34222 0 26349 20672 73275 172358908 160911 47566 1509341054 1509341054 0 1580581967 0 691.698812 11783 70698 11783000 58915000 19943 16818 60 80000 125000 60 10000 51514 12 16000 25000 12 16000 25000 1513
1791385977121473 5 0 0 5 5 5 0 0 0 0 0 0 74 9 9 0 140 66 57 0 57 0 0 0 2145282 34831 0 26877 20734 73291 173362162 161070 47768 1533503416 1533503416 0 1580581967 0 691.413898 11783 70698 11783000 58915000 19943 17265 60 80000 125000 54 9000 46514 12 16000 25000 12 16000 25000 1513
1791385979491529 5 0 0 5 5 5 0 0 0 0 0 0 73 9 9 0 140 67 58 0 58 0 0 0 2146295 35446 0 27403 20831 73312 175728409 163108 48398 1567767225 1567767225 0 1580581967 0 690.897970 12026 72156 12026000 60130000 12922 16842 60 80000 125000 54 9000 46514 12 16000 25000 12 16000 25000 1513
1791385979704158 5 0 0 5 5 5 0 0 0 0 0 0 72 9 9 0 140 68 59 0 59 0 0 0 2146937 36020 0 27848 20876 73331 175937658 165183 48792 1600597458 1600597458 0 1580581967 0 690.513110 12054 72324 12054000 60270000 18868 17041 60 80000 125000 54 9000 46514 12 16000 25000 12 16000 25000 1513
1791385984273952 5 0 0 5 5 5 0 0 0 0 0 0 71 10 10 0 140 69 59 0 59 0 0 0 2148438 36030 0 27848 20967 82465 180494166 167564 49621 1600597458 1600597458 0 1580581967 0 690.035481 12110 72660 12110000 60550000 20610 17390 60 80000 125000 60 10000 51515 12 16000 25000 12 16000 25000 1513
1791385984274788 5 0 0 5 5 5 0 0 0 0 0 0 71 9 9 0 140 69 60 0 60 0 0 0 2148438 36650 0 28377 20991 82476 180494169 167719 49621 1633581127 1633581127 0 1580581967 0 689.839689 12110 72660 12110000 60550000 20610 17850 60 80000 125000 54 9000 46514 12 16000 25000 12 16000 25000 1513
1791385985118673 5 0 0 5 5 5 0 0 0 0 0 0 70 9 9 0 140 70 61 0 61 0 0 0 2149094 37261 0 28918 21041 82492 181332517 171905 50009 1667609049 1667609049 0 1580581967 0 689.439925 12218 73308 12218000 61090000 17667 17833 60 80000 125000 54 9000 46514 12 16000 25000 12 16000 25000 1513
1791385986122335 5 0 0 5 5 5 0 0 0 0 0 0 69 9 9 0 140 71 62 0 62 0 0 0 2149764 37903 0 29476 21109 82507 182330490 176179 50398 1689034398 1689034398 0 1580581967 0 689.026450 12306 73836 12306000 61530000 20941 18137 60 80000 125000 54 9000 46514 12 16000 25000 12 16000 25000 1513
1791385986795404 5 0 0 5 5 5 0 0 0 0 0 0 68 9 9 0 140 72 63 0 63 0 0 0 2150410 38437 0 29938 21164 82521 182998003 180466 50793 1712178438 1712178438 0 1580581967 0 688.654998 12128 72768 12128000 60640000 15492 17880 60 80000 125000 54 9000 46514 12 16000 25000 12 16000 25000 1513
1791385991805529 5 0 0 5 5 5 0 0 0 0 0 0 67 10 10 0 140 73 63 0 63 0 0 0 2151820 38445 0 29938 21176 82545 188002491 184602 51590 1712178438 1712178438 0 1580581967 0 688.209156 12104 72624 12104000 60520000 14403 17707 60 80000 125000 60 10000 51514 12 16000 25000 12 16000 25000 1513
1791385997214533 5 0 0 5 5 5 0 0 0 0 0 0 67 11 10 1 140 73 63 0 63 0 0 0 2152853 38454 0 29938 21243 82566 193410120 184789 52172 1723265426 1712178438 0 1580581967 0 687.881902 12104 72624 12104000 60520000 14403 17237 60 80000 125000 60 10000 51515 12 16000 25000 12 16000 25000 1513
1791385997215342 5 0 0 5 5 5 0 0 0 0 0 0 67 9 9 0 140 73 64 0 64 0 0 0 2152853 39233 0 30450 21290 82576 193410120 184789 52172 1723265426 1723265426 0 1580581967 0 687.637450 12104 72624 12104000 60520000 14403 16962 60 80000 125000 54 9000 46514 12 16000 25000 12 16000 25000 1513
1791385998734633 5 0 0 5 5 5 0 0 0 0 0 0 66 9 9 0 140 74 65 0 65 0 0 0 2153962 39826 0 30954 21372 82590 194925447 186935 52562 1756741575 1756741575 0 1580581967 0 687.103962 12097 72582 12097000 60485000 7792 16069 60 80000 125000 54 9000 46514 12 16000 25000 12 16000 25000 1513
1791386003742315 5 0 0 5 5 5 0 0 0 0 0 0 65 10 10 0 140 75 65 0 65 0 0 0 2155441 39838 0 30954 21389 82611 199929180 189296 53323 1756741575 1756741575 0 1580581967 0 686.637292 12281 73686 12281000 61405000 30544 16793 60 80000 125000 60 10000 51514 12 16000 25000 12 16000 25000 1513
1791386006402504 5 0 0 5 5 5 0 0 0 0 0 0 65 9 9 0 140 75 66 0 66 0 0 0 2155939 40420 0 31445 21486 82631 202587999 189441 53616 1786013174 1786013174 0 1580581967 0 686.299656 12281 73686 12281000 61405000 30544 18756 60 80000 125000 54 9000 46514 12 16000 25000 12 16000 25000 1513
1791386006795075 5 0 0 5 5 5 0 0 0 0 0 0 64 9 9 0 140 76 67 0 67 0 0 0 2156935 40860 0 31807 21545 82646 202976738 191735 53967 1806007075 1806007075 0 1580581967 0 685.851240 12514 75084 12514000 62570000 4030 17321 60 80000 125000 54 9000 46514 12 16000 25000 12 16000 25000 1513
1791386011803298 5 0 0 5 5 5 0 0 0 0 0 0 63 10 10 0 140 77 67 0 67 0 0 0 2158233 40868 0 31807 21561 82663 207981183 194119 54673 1806007075 1806007075 0 1580581967 0 685.443928 12515 75090 12515000 62575000 13224 17117 60 80000 125000 60 10000 51514 12 16000 25000 12 16000 25000 1513
1791386012226211 5 0 0 5 5 5 0 0 0 0 0 0 63 9 9 0 140 77 68 0 68 0 0 0 2158370 41447 0 32303 21628 82674 208403122 194278 54760 1821013973 1821013973 0 1580581967 0 685.220828 12515 75090 12515000 62575000 13224 16564 60 80000 125000 54 9000 46514 12 16000 25000 12 16000 25000 1513
1791386017234977 5 0 0 5 5 5 0 0 0 0 0 0 62 10 10 0 140 78 68 0 68 0 0 0 2159802 41454 0 32303 21642 82692 213408134 196509 55492 1821013973 1821013973 0 1580581967 0 684.772887 12294 73764 12294000 61470000 8813 16177 60 80000 125000 60 10000 51514 12 16000 25000 12 16000 25000 1513
1791386018293001 5 0 0 5 5 5 0 0 0 0 0 0 62 9 9 0 140 78 69 0 69 0 0 0 2160052 42096 0 32863 21709 82705 214465055 196617 55663 1868894490 1868894490 0 1580581967 0 684.495514 12294 73764 12294000 61470000 8813 15128 60 80000 125000 54 9000 46514 12 16000 25000 12 16000 25000 1513
1791386018358419 5 0 0 5 5 5 0 0 0 0 0 0 61 9 9 0 140 79 70 0 70 0 0 0 2160622 42463 0 33167 21752 82719 214525175 200901 55991 1916141210 1916141210 0 1580581967 0 684.204389 12553 75318 12553000 62765000 28332 16417 60 80000 125000 54 9000 46514 12 16000 25000 12 16000 25000 1513
1791386019551644 5 0 0 5 5 5 0 0 0 0 0 0 60 9 9 0 140 80 71 0 71 0 0 0 2161317 43069 0 33696 21809 82734 215712905 205002 56405 1955983469 1955983469 0 1580581967 0 683.800581 12715 76290 12715000 63575000 32879 18023 60 80000 125000 54 9000 46514 12 16000 25000 12 16000 25000 1513
1791386019909305 5 0 0 5 5 5 0 0 0 0 0 0 59 9 9 0 140 81 72 0 72 0 0 0 2161942 43530 0 34072 21884 82749 216065068 209304 56732 1996397433 1996397433 0 1580581967 0 683.463869 12613 75678 12613000 63065000 14648 17695 60 80000 125000 54 9000 46515 12 16000 25000 12 16000 25000 1514
1791386020314437 5 0 0 5 5 5 0 0 0 0 0 0 58 9 9 0 140 82 73 0 73 0 0 0 2162531 44132 0 34597 21943 82762 216466812 211408 57027 2031586194 2031586194 0 1580581967 0 683.094984 12846 77076 12846000 64230000 25071 18415 60 80000 125000 54 9000 46515 12 16000 25000 12 16000 25000 1514
1791386020412193 5 0 0 5 5 5 0 0 0 0 0 0 57 9 9 0 140 83 74 0 74 0 0 0 2163089 44603 0 35006 21997 82774 216561259 213598 57338 2067717917 2067717917 0 1580581967 0 682.776595 13934 83604 13934000 69670000 13462 17933 60 80000 125000 54 9000 46515 12 16000 25000 12 16000 25000 1514
1791386025420856 5 0 0 5 5 5 0 0 0 0 0 0 56 10 10 0 140 84 74 0 74 0 0 0 2164160 44609 0 35006 22011 82790 221566577 215780 57978 2067717917 2067717917 0 1580581967 0 682.443672 14067 84402 14067000 70335000 25939 18334 60 80000 125000 60 10000 51515 12 16000 25000 12 16000 25000 1514
1791386026524524 5 0 0 5 5 5 0 0 0 0 0 0 56 9 9 0 140 84 75 0 75 0 0 0 2164422 45442 0 35756 22066 82805 222668927 215911 58131 2095503670 2095503670 0 1580581967 0 682.105517 14067 84402 14067000 70335000 25939 19421 60 80000 125000 54 9000 46515 12 16000 25000 12 16000 25000 1514
1791386031399701 5 0 0 5 5 5 0 0 0 0 0 0 55 10 10 0 140 85 75 0 75 0 0 0 2165457 45444 0 35756 22123 82822 227539692 219180 58746 2095503670 2095503670 0 1580581967 0 681.785583 13825 82950 13825000 69125000 16840 19292 60 80000 125000 60 10000 51516 12 16000 25000 12 16000 25000 1514
1791386031401228 5 0 0 5 5 5 0 0 0 0 0 0 55 9 9 0 140 85 76 0 76 0 0 0 2165457 46026 0 36254 22143 82831 227540492 219276 58746 2120104721 2120104721 0 1580581967 0 681.606156 13825 82950 13825000 69125000 16840 18944 60 80000 125000 54 9000 46515 12 16000 25000 12 16000 25000 1514
1791386031650907 5 0 0 5 5 5 0 0 0 0 0 0 54 9 9 0 140 86 77 0 77 0 0 0 2166016 46429 0 36590 22186 82843 227785025 223389 59054 2145348992 2145348992 0 1580581967 0 681.309785 13768 82608 13768000 68840000 9477 18022 60 80000 125000 54 9000 46516 12 16000 25000 12 16000 25000 1514
1791386034334094 5 0 0 5 5 5 0 0 0 0 0 0 53 9 9 0 140 87 78 0 78 0 0 0 2166769 47015 0 37071 22269 82866 230463087 227047 59488 2159764164 2159764164 0 1580581967 0 680.897697 13681 82086 13681000 68405000 14559 17685 60 80000 125000 54 9000 46516 12 16000 25000 12 16000 25000 1514
1791386037307680 5 0 0 5 5 5 0 0 0 0 0 0 52 9 9 0 140 88 79 0 79 0 0 0 2167593 47837 0 37804 22351 82888 233431687 230259 59912 2176753040 2176753040 0 1580581967 0 680.391810 12890 77340 12890000 64450000 1956 16152 60 80000 125000 54 9000 46516 12 16000 25000 12 16000 25000 1514
1791386040411694 5 0 0 5 5 5 0 0 0 0 0 0 51 9 9 0 140 89 80 0 80 0 0 0 2168512 48429 0 38306 22442 82908 236531656 232657 60421 2204934868 2204934868 0 1580581967 0 679.928075 12701 76206 12701000 63505000 8284 15031 60 80000 125000 54 9000 46516 12 16000 25000 12 16000 25000 1514
1791386042539511 5 0 0 5 5 5 0 0 0 0 0 0 50 9 9 0 140 90 81 0 81 0 0 0 2169474 49039 0 38811 22555 87986 238650269 235075 60892 2227916616 2227916616 0 1580581967 0 679.446290 12909 77454 12909000 64545000 21696 15983 60 80000 125000 54 9000 46516 12 16000 25000 12 16000 25000 1514
1791386046799663 5 0 0 5 5 5 0 0 0 0 0 0 49 9 9 0 140 91 82 0 82 0 0 0 2170577 49683 0 39355 22663 88014 242906144 237443 61456 2254300221 2254300221 0 1580581967 0 678.911671 12889 77334 12889000 64445000 13713 15661 60 80000 125000 54 9000 46516 12 16000 25000 12 16000 25000 1514
1791386051808283 5 0 0 5 5 5 0 0 0 0 0 0 48 10 10 0 140 92 82 0 82 0 0 0 2172074 49692 0 39355 23075 88041 247910591 239615 62212 2254300221 2254300221 0 1580581967 0 678.451478 12885 77310 12885000 64425000 17011 15729 60 80000 125000 60 10000 51516 12 16000 25000 12 16000 25000 1514
1791386056991979 5 0 0 5 5 5 0 0 0 0 0 0 48 11 10 1 140 92 82 0 82 0 0 0 2172919 49697 0 39355 23121 88068 253093123 239803 62636 2264488999 2254300221 0 1580581967 0 678.192016 12885 77310 12885000 64425000 17011 15913 60 80000 125000 60 10000 51517 12 16000 25000 12 16000 25000 1514
1791386056992616 5 0 0 5 5 5 0 0 0 0 0 0 48 9 9 0 140 92 83 0 83 0 0 0 2172919 50304 0 39879 23164 88077 253093123 239803 62636 2264488999 2264488999 0 1580581967 0 678.006852 12885 77310 12885000 64425000 17011 16021 60 80000 125000 54 9000 46516 12 16000 25000 12 16000 25000 1514
1791386057117874 5 0 0 5 5 5 0 0 0 0 0 0 47 9 9 0 140 93 84 0 84 0 0 0 2173432 50861 0 40369 23221 88092 253213152 243875 62888 2287262266 2287262266 0 1580581967 0 677.680695 12758 76548 12758000 63790000 5426 14989 60 80000 125000 54 9000 46516 12 16000 25000 12 16000 25000 1514
1791386059674198 5 0 0 5 5 5 0 0 0 0 0 0 46 9 9 0 140 94 85 0 85 0 0 0 2174185 51636 0 41052 23309 88114 255765773 245920 63275 2320406945 2320406945 0 1580581967 0 677.215476 12211 73266 12211000 61055000 3166 13837 60 80000 125000 54 9000 46517 12 16000 25000 12 16000 25000 1514
1791386059992803 5 0 0 5 5 5 0 0 0 0 0 0 45 9 9 0 140 95 86 0 86 0 0 0 2175146 52215 0 41556 23374 88128 256078589 250066 63532 2362035525 2362035525 0 1580581967 0 676.747248 12320 73920 12320000 61600000 20742 14511 60 80000 125000 54 9000 46517 12 16000 25000 12 16000 25000 1514
1791386060080182 5 0 0 5 5 5 0 0 0 0 0 0 44 9 9 0 140 96 87 0 87 0 0 0 2175607 52763 0 42037 23418 88139 256162913 252036 63777 2384802970 2384802970 0 1580581967 0 676.440819 12501 75006 12501000 62505000 26166 15648 60 80000 125000 54 9000 46518 12 16000 25000 12 16000 25000 1514
1791386060200786 5 0 0 5 5 5 0 0 0 0 0 0 43 9 9 0 140 97 88 0 88 0 0 0 2176075 53154 0 42364 23459 88151 256280644 253981 64011 2388005521 2388005521 0 1580581967 0 676.180162 12384 74304 12384000 61920000 8918 14993 60 80000 125000 54 9000 46518 12 16000 25000 12 16000 25000 1514
1791386060317701 5 0 0 5 5 5 0 0 0 0 0 0 42 9 9 0 140 98 89 0 89 0 0 0 2176586 53574 0 42703 23530 88165 256394610 255896 64239 2430024360 2430024360 0 1580581967 0 675.897885 12112 72672 12112000 60560000 2212 13747 60 80000 125000 54 9000 46518 12 16000 25000 12 16000 25000 1514
1791386065246506 5 0 0 5 5 5 0 0 0 0 0 0 41 10 10 0 140 99 89 0 89 0 0 0 2177654 53582 0 42703 23603 88182 261320184 257930 64737 2430024360 2430024360 0 1580581967 0 675.571937 12237 73422 12237000 61185000 28879 14504 60 80000 125000 60 10000 51519 12 16000 25000 12 16000 25000 1515
1791386065247301 5 0 0 5 5 5 0 0 0 0 0 0 41 9 9 0 140 99 90 0 90 0 0 0 2177654 54162 0 43202 23625 88190 261320187 258086 64737 2452727373 2452727373 0 1580581967 0 675.396371 12237 73422 12237000 61185000 28879 16555 60 80000 125000 54 9000 46518 12 16000 25000 12 16000 25000 1515
1791386065676527 5 0 0 5 5 5 0 0 0 0 0 0 40 9 9 0 140 100 91 0 91 0 0 0 2178144 54720 0 43692 23682 88203 261745529 260836 64962 2486747832 2486747832 0 1580581967 0 675.079372 11990 71940 11990000 59950000 9971 15914 60 80000 125000 54 9000 46518 12 16000 25000 12 16000 25000 1515
1791386066392573 5 0 0 5 5 5 0 0 0 0 0 0 39 9 9 0 140 101 92 0 92 0 0 0 2178593 55237 0 44136 23728 88216 262456587 264780 65169 2521733493 2521733493 0 1580581967 0 674.787440 11877 71262 11877000 59385000 24301 16733 60 80000 125000 54 9000 46518 12 16000 25000 12 16000 25000 1515
1791386068997627 5 0 0 5 5 5 0 0 0 0 0 0 39 8 8 0 140 101 93 0 93 0 0 0 2179185 55912 0 44683 23798 88240 265056188 268847 65530 2550315324 2550315324 0 1580581967 0 674.404926 11754 70524 11754000 58770000 23931 17435 60 80000 125000 48 8000 41518 12 16000 25000 12 16000 25000 1515
1791386078241295 5 0 0 5 5 5 0 0 0 0 0 0 39 9 8 1 140 101 93 0 93 0 0 0 2181122 55924 0 44683 23870 88266 274295394 271213 66848 2571435301 2550315324 0 1580581967 0 673.817359 11820 70920 11820000 59100000 18891 17644 60 80000 125000 48 8000 41519 12 16000 25000 12 16000 25000 1515
1791386078241910 5 0 0 5 5 5 0 0 0 0 0 0 39 7 7 0 140 101 94 0 94 0 0 0 2181122 56508 0 45186 23914 88276 274295394 271213 66848 2571435301 2571435301 0 1580581967 0 673.641499 11820 70920 11820000 59100000 18891 17767 60 80000 125000 42 7000 36518 12 16000 25000 12 16000 25000 1515
1791386083009408 5 0 0 5 5 5 0 0 0 0 0 0 39 6 6 0 140 101 95 0 95 0 0 0 2182433 57106 0 45688 24010 88305 279058687 273362 67735 2594360561 2594360561 0 1580581967 0 673.067282 13092 78552 13092000 65460000 11157 17123 60 80000 125000 36 6000 31518 12 16000 25000 12 16000 25000 1515
1791386083189986 5 0 1 4 5 5 0 0 0 0 0 0 39 5 5 0 140 101 96 0 96 0 0 0 2182847 57500 0 46012 24058 88318 279236149 275588 68064 2617346194 2617346194 0 1580581967 0 672.824534 13219 79314 13219000 66095000 12092 16406 60 80000 125000 30 5000 26518 12 16000 25000 12 16000 25000 1515
1791386087281362 5 0 0 5 5 5 0 0 0 0 0 0 38 5 5 0 140 102 97 0 97 0 0 0 2186801 58133 0 46547 24268 88360 283320469 277771 70186 2644630929 2644630929 0 1580584043 0 671.450656 13275 79650 13275000 66375000 14888 16259 60 80000 125000 36 20000 26527 12 16000 25000 12 16000 25000 1515
1791386087569981 5 0 1 4 5 5 0 0 0 0 0 0 38 4 4 0 140 102 98 0 98 0 0 0 2187170 58523 0 46864 24313 88371 283606111 279913 70497 2671879818 2671879818 0 1580584043 0 671.223719 13321 79926 13321000 66605000 15790 16214 60 80000 125000 30 19000 21527 12 16000 25000 12 16000 25000 1515
1791386088198611 5 0 1 4 5 5 0 0 0 0 0 0 37 4 4 0 140 103 99 0 99 0 0 0 2190122 58613 0 46876 24529 88397 284229306 282041 72084 2676878251 2676878251 0 1580586119 0 670.316594 13584 81504 13584000 67920000 21905 16770 60 80000 125000 30 19000 21528 12 16000 25000 12 16000 25000 1516
1791386088511546 5 0 1 4 5 5 0 0 0 0 0 0 36 4 4 0 140 104 100 0 100 0 0 0 2192828 59146 0 47332 24735 88423 284538595 282196 73717 2700138229 2700138229 0 1580588195 0 669.353361 12570 76960 16417960 62850000 635 14470 60 80000 125000 36 34000 21539 12 16000 25000 12 16000 25000 1517
1791386092045637 5 0 1 4 5 5 0 0 0 0 0 0 35 4 4 0 140 105 101 0 101 0 0 0 2195527 59675 0 47771 24935 88459 288067166 284227 75163 2732503426 2732503426 0 1580590271 0 668.396155 12607 77186 16466286 63035000 16579 14677 60 80000 125000 42 49000 21547 12 16000 25000 12 16000 25000 1517
1791386093432992 5 0 1 4 5 5 0 0 0 0 0 0 34 4 4 0 140 106 102 0 102 0 0 0 2197591 59769 0 47788 25134 88494 289450010 286324 76059 2737730135 2737730135 0 1580592347 0 667.758056 12664 77535 16540735 63320000 16438 14850 60 80000 125000 42 49000 21546 12 16000 25000 12 16000 25000 1518
1791386093507733 5 0 1 4 5 5 0 0 0 0 0 0 33 4 4 0 140 107 103 0 103 0 0 0 2199442 59990 0 47937 25317 88537 289522228 286523 76817 2743658909 2743658909 0 1580594423 0 667.146569 11759 73434 18958388 58795000 708 12834 60 80000 125000 42 49000 21546 12 16000 25000 12 16000 25000 1518
1791386093760175 5 0 1 4 5 5 0 0 0 0 0 0 32 4 4 0 140 108 104 0 104 0 0 0 2201118 60078 0 47950 25513 88562 289772576 286608 77485 2748899533 2748899533 0 1580596499 0 666.626991 10983 69933 21069429 54915000 884 11670 60 80000 125000 42 49000 21548 12 16000 25000 12 16000 25000 1519
1791386096732743 5 0 1 4 5 5 0 0 0 0 0 0 31 4 4 0 140 109 105 0 105 0 0 0 2202994 60182 0 47965 25774 88595 292742760 286691 78235 2753577680 2753577680 0 1580598575 0 666.044649 10437 67734 23217000 52185000 896 10621 60 80000 125000 42 49000 21549 12 16000 25000 12 16000 25000 1520
1791386097305878 5 0 1 4 5 5 0 0 0 0 0 0 30 4 4 0 140 110 106 0 106 0 0 0 2204427 60724 0 48435 25955 88622 293313539 286835 78752 2785201580 2785201580 0 1580600651 0 665.464795 9817 64913 24843021 49085000 696 9654 60 80000 125000 48 64000 21559 12 16000 25000 12 16000 25000 1520
1791386098412306 5 0 1 4 5 5 0 0 0 0 0 0 29 4 4 0 140 111 107 0 107 0 0 0 2205735 60846 0 48455 26218 88660 294416127 288924 79109 2790172545 2790172545 0 1580602727 0 665.045822 9913 65548 25085960 49565000 22573 10914 60 80000 125000 48 64000 21561 12 16000 25000 12 16000 25000 1521
1791386100847719 5 0 1 4 5 5 0 0 0 0 0 0 28 4 3 1 140 112 108 0 108 0 0 0 4640499 61178 0 48709 26287 88670 294416135 289129 79161 2801185951 2796088908 0 3288761891 0 667.082777 9229 62155 26180225 46145000 623 9912 60 80000 125000 48 64000 35706 12 16000 25000 12 16000 25000 3150
1791386100848016 5 0 2 3 5 5 0 0 0 0 0 0 28 3 3 0 140 112 109 0 109 0 0 0 4640499 61262 0 48726 26287 88685 294416137 289306 79161 2801185951 2801185951 0 3288761891 0 667.070859 770 5280 2420000 3850000 5 8500 60 80000 125000 36 48000 30695 12 16000 25000 12 16000 25000 3150
1791386104271329 5 0 1 4 5 5 0 0 0 0 0 0 26 4 2 2 140 114 110 0 110 0 0 0 8056081 61812 0 48743 26522 95538 294416147 289366 79224 2814174160 2806246257 0 6043838131 0 710.018375 330 2304 1138164 1650000 3 7290 60 80000 125000 48 64000 65689 12 16000 25000 12 16000 25000 5779
1791386104271632 5 0 2 3 5 5 0 0 0 0 0 0 26 3 2 1 140 114 111 0 111 0 0 0 8056081 61894 0 48763 26522 95546 294416150 289556 79224 2814174160 2809624811 0 6043838131 0 710.011203 210 1492 788572 1050000 3 6580 60 80000 125000 36 48000 46532 12 16000 25000 12 16000 25000 5779
1791386104271773 5 0 3 2 5 5 0 0 0 0 0 0 26 2 2 0 140 114 112 0 112 0 0 0 8056081 61971 0 48779 26522 95556 294416152 289590 79224 2814174160 2814174160 0 6043838131 0 710.004469 142 1026 576694 746296 2 5940 60 80000 125000 24 32000 41522 12 16000 25000 12 16000 25000 5779
1791386108645706 5 0 1 4 5 5 0 0 0 0 0 0 23 4 2 2 140 117 113 0 113 0 0 0 12429644 62071 0 48794 26708 95565 294416159 289636 79320 2822579903 2817413359 0 9790023907 0 747.414935 102 750 445470 536072 2 5362 60 80000 125000 48 64000 83150 12 16000 25000 12 16000 25000 9354
1791386108645985 5 0 2 3 5 5 0 0 0 0 0 0 23 3 2 1 140 117 114 0 114 0 0 0 12429644 62146 0 48810 26708 95572 294416162 289813 79320 2822579903 2820193045 0 9790023907 0 747.410448 71 531 331817 389966 1 4599 60 80000 125000 36 48000 64080 12 16000 25000 12 16000 25000 9354
1791386108646123 5 0 3 2 5 5 0 0 0 0 0 0 23 2 2 0 140 117 115 0 115 0 0 0 12429644 62221 0 48825 26708 95581 294416165 289848 79320 2822579903 2822579903 0 9790023907 0 747.405960 57 433 283837 327945 1 4152 60 80000 125000 24 32000 45032 12 16000 25000 12 16000 25000 9354
1791386113250135 5 0 0 5 5 5 0 0 0 0 0 0 20 5 5 0 140 120 115 0 115 0 0 0 17033592 62221 0 48825 26708 95582 294416167 289884 79426 2822579903 2822579903 0 13536209683 0 755.105096 50 386 264286 300788 2 3945 60 80000 125000 60 80000 98173 12 16000 25000 12 16000 25000 12926
1791386113250508 5 0 1 4 5 5 0 0 0 0 0 0 20 4 2 2 140 120 116 0 116 0 0 0 17033592 62310 0 48842 26884 95590 294416171 289958 79426 2830399672 2825747184 0 13536209683 0 755.101165 50 386 264286 300788 2 3561 60 80000 125000 48 64000 82704 12 16000 25000 12 16000 25000 12928
1791386113250680 5 0 2 3 5 5 0 0 0 0 0 0 20 3 2 1 140 120 117 0 117 0 0 0 17033592 62383 0 48856 26884 95597 294416173 290032 79426 2830399672 2828202978 0 13536209683 0 755.097941 41 322 229266 257403 1 3214 60 80000 125000 36 48000 64881 12 16000 25000 12 16000 25000 12928
1791386113250811 5 0 3 2 5 5 0 0 0 0 0 0 20 2 2 0 140 120 118 0 118 0 0 0 17033592 62452 0 48870 26884 95605 294416175 290069 79426 2830399672 2830399672 0 13536209683 0 755.094893 35 279 206429 228042 1 2902 60 80000 125000 24 32000 46728 12 16000 25000 12 16000 25000 12928
1791386114256510 5 0 1 4 5 5 0 0 0 0 0 0 17 4 4 0 140 123 119 0 119 0 0 0 17037979 62559 0 48887 27143 95638 295417033 290100 80054 2832643323 2832643323 0 13536275698 0 754.900137 31 251 192327 209548 1 2620 60 80000 125000 48 64000 81296 12 16000 25000 12 16000 25000 12933
1791386115914470 5 0 1 4 5 5 0 0 0 0 0 0 16 4 4 0 140 124 120 0 120 0 0 0 17039462 62679 0 48901 27276 95662 297073066 290248 80311 2835291537 2835291537 0 13536297703 0 754.830606 28 230 182286 196065 2 2248 60 80000 125000 48 64000 81285 12 16000 25000 12 16000 25000 12933
1791386116089207 5 0 1 4 5 5 0 0 0 0 0 0 15 4 4 0 140 125 121 0 121 0 0 0 17041391 69500 0 55637 27449 95685 297238684 290397 80741 2838117334 2838117334 0 13536319708 0 754.445835 26 217 177225 187745 3 2030 60 80000 125000 48 64000 80037 12 16000 25000 12 16000 25000 12934
1791386116289211 5 0 1 4 5 5 0 0 0 0 0 0 14 4 4 0 140 126 122 0 122 0 0 0 17043453 76303 0 62344 27630 95706 297429510 290483 81147 2841141325 2841141325 0 13536341713 0 754.056391 25 212 178062 186626 259 1858 60 80000 125000 48 64000 79144 12 16000 25000 12 16000 25000 12935
1791386116342772 5 0 1 4 5 5 0 0 0 0 0 0 13 4 4 0 140 127 123 0 123 0 0 0 17045332 83129 0 69098 27680 95717 297474179 290587 81303 2844218411 2844218411 0 13536363718 0 753.674391 24 206 178286 185456 260 1704 60 80000 125000 48 64000 80364 12 16000 25000 12 16000 25000 12936
1791386117515326 5 0 1 4 5 5 0 0 0 0 0 0 12 4 4 0 140 128 124 0 124 0 0 0 17047476 89404 0 75270 27982 95760 298637845 290666 81888 2845600621 2845600621 0 13536385723 0 753.305351 23 200 177898 183188 209 1559 60 80000 125000 48 64000 80039 12 16000 25000 12 16000 25000 12937
1791386117901142 5 0 1 4 5 5 0 0 0 0 0 0 11 4 4 0 140 129 125 0 125 0 0 0 17049549 95029 0 80752 28157 95781 299015578 290828 82173 2847088892 2847088892 0 13536407728 0 752.968337 22 194 176898 180593 32 1411 60 80000 125000 48 64000 80368 12 16000 25000 12 16000 25000 12938
1791386117928676 5 0 1 4 5 5 0 0 0 0 0 0 10 4 4 0 140 130 126 0 126 0 0 0 17051048 99790 0 85432 28222 95801 299036610 290957 82292 2848660264 2848660264 0 13536429733 0 752.694730 22 197 183633 185814 22 1276 60 80000 125000 48 64000 79139 12 16000 25000 12 16000 25000 12938
1791386118017180 5 0 1 4 5 5 0 0 0 0 0 0 9 4 4 0 140 131 127 0 127 0 0 0 17054436 103656 0 89193 28478 95832 299117488 291012 82759 2852413427 2852413427 0 13536445477 0 752.377385 21 191 181715 182876 24 1155 60 80000 125000 48 64000 80107 12 16000 25000 12 16000 25000 12940
1791386118889813 5 0 1 4 5 5 0 0 0 0 0 0 8 4 4 0 140 132 128 0 128 0 0 0 17056339 106473 0 91911 28716 95862 299985021 291100 83045 2855378459 2855378459 0 13536461221 0 752.171346 21 193 188143 187973 522 1094 60 80000 125000 48 64000 81289 12 16000 25000 12 16000 25000 12941
1791386118940733 5 0 1 4 5 5 0 0 0 0 0 0 7 4 4 0 140 133 129 0 129 0 0 0 17057844 109015 0 94349 28839 95884 300031592 291232 83160 2856763432 2856763432 0 13536476965 0 751.994900 20 187 185307 183394 296 1018 60 80000 125000 48 64000 80039 12 16000 25000 12 16000 25000 12941
1791386119303450 5 0 1 4 5 5 0 0 0 0 0 0 6 4 4 0 140 134 130 0 130 0 0 0 17059615 111765 0 96965 29180 95924 300389234 291372 83480 2858098407 2858098407 0 13536492709 0 751.797784 19 180 181858 178861 35 923 60 80000 125000 48 64000 80372 12 16000 25000 12 16000 25000 12942
1791386124374270 5 0 0 5 5 5 0 0 0 0 0 0 5 5 5 0 140 135 130 0 130 0 0 0 17061299 111784 0 96965 29298 95952 305457919 291577 83796 2858098407 2858098407 0 13536508453 0 751.724105 19 182 187674 183370 20 836 60 80000 125000 60 80000 97005 12 16000 25000 12 16000 25000 12943
1791386160802801 5 0 0 5 5 5 0 0 0 0 0 0 5 6 5 1 140 135 130 0 130 0 0 0 17062410 111822 0 96965 29323 96045 341884379 292251 84552 2899532189 2858098407 0 13536508453 0 751.673813 19 182 187674 183370 20 538 60 80000 125000 60 80000 97005 12 16000 25000 12 16000 25000 12943
1791386160804868 5 0 1 4 5 5 0 0 0 0 0 0 5 4 4 0 140 135 131 0 131 0 0 0 17062410 113854 0 98908 29424 96056 341884379 292251 84552 2899532189 2899532189 0 13536508453 0 751.584887 19 182 187674 183370 20 489 60 80000 125000 48 64000 80373 12 16000 25000 12 16000 25000 12943
1791386160984483 5 0 1 4 5 5 0 0 0 0 0 0 4 4 4 0 140 136 132 0 132 0 0 0 17064204 115889 0 100857 29530 96077 342006541 345727 84669 2942436673 2942436673 0 13536524197 0 751.418253 19 184 193490 187879 617 503 60 80000 125000 48 64000 80108 12 16000 25000 12 16000 25000 12944
1791386163715027 5 0 1 4 5 5 0 0 0 0 0 0 3 4 4 0 140 137 133 0 133 0 0 0 17065556 117757 0 102634 29665 96107 344682133 397263 84811 2987187838 2987187838 0 13536539941 0 751.278317 20 196 209796 202621 686 522 60 80000 125000 48 64000 81290 12 16000 25000 12 16000 25000 12944
1791386168875177 5 0 0 5 5 5 0 0 0 0 0 0 2 5 5 0 140 138 133 0 133 0 0 0 17067323 117772 0 102634 30167 102828 349730531 499927 85030 2987187838 2987187838 0 13536555685 0 751.201287 21 209 226715 217342 607 531 60 80000 125000 60 80000 96986 12 16000 25000 12 16000 25000 12945
1791386169503991 5 0 1 4 5 5 0 0 0 0 0 0 2 4 4 0 140 138 134 0 134 0 0 0 17067323 119908 0 104648 30210 102841 350356784 500262 85030 3037712075 3037712075 0 13536555685 0 751.107929 21 209 226715 217342 607 543 60 80000 125000 48 64000 80027 12 16000 25000 12 16000 25000 12945
1791386170148116 5 0 1 4 5 5 0 0 0 0 0 0 1 4 4 0 140 139 135 0 135 0 0 0 17078437 121853 0 106482 30327 102857 350808792 679161 85072 3089863089 3089863089 0 13536571429 0 750.538538 21 211 233143 222467 1306 619 60 80000 125000 48 64000 79136 12 16000 25000 12 16000 25000 12945
1791386175279399 5 0 0 5 5 5 0 0 0 0 0 0 0 5 5 0 140 140 135 0 135 0 0 0 17079679 121862 0 106482 30395 102881 355828812 789019 85105 3089863089 3089863089 0 13536587173 0 750.484827 21 214 239572 227975 765 627 60 80000 125000 60 80000 96992 12 16000 25000 12 16000 25000 12946
1791386200578353 5 0 0 5 5 5 0 0 0 0 0 0 0 6 5 1 140 140 135 0 135 0 0 0 17079694 121886 0 106482 30422 102946 381126655 789832 85105 3129348424 3089863089 0 13536587173 0 750.483125 21 214 239572 227975 765 671 60 80000 125000 60 80000 96992 12 16000 25000 12 16000 25000 12946
1791386200580438 5 0 1 4 5 5 0 0 0 0 0 0 0 4 4 0 140 140 136 0 136 0 0 0 17079694 123937 0 108448 30525 102956 381126655 789832 85105 3129348424 3129348424 0 13536587173 0 750.393653 21 214 239572 227975 765 681 60 80000 125000 48 64000 80101 12 16000 25000 12 16000 25000 12946
1791386208463958 5 0 1 4 5 5 0 0 0 0 0 0 0 5 4 1 140 140 136 0 136 0 0 0 17079702 123945 0 108448 30535 102986 388955123 844733 85105 3176889227 3129348424 0 13536587173 0 750.392956 22 227 257715 244169 671 681 60 80000 125000 48 64000 80101 12 16000 25000 12 16000 25000 12946
1791386208466018 5 0 2 3 5 5 0 0 0 0 0 0 0 3 3 0 140 140 137 0 137 0 0 0 17079702 125955 0 110377 30627 103013 388955123 844733 85105 3176889227 3176889227 0 13536587173 0 750.305293 22 227 257715 244169 671 681 60 80000 125000 36 48000 63474 12 16000 25000 12 16000 25000 12946
1791386212526302 5 0 3 2 5 5 0 0 0 0 0 0 0 2 2 0 140 140 138 0 138 0 0 0 17079704 127916 0 112226 30690 103040 392909849 948215 85105 3219139161 3219139161 0 13536587173 0 750.219700 23 240 276470 260726 713 685 60 80000 125000 24 32000 45619 12 16000 25000 12 16000 25000 12946
1791386214634891 5 0 4 1 5 5 0 0 0 0 0 0 0 1 1 0 140 140 139 0 139 0 0 0 17079706 129843 0 114048 30752 103060 394877218 1087400 85105 3264076571 3264076571 0 13536587173 0 750.135609 23 243 283511 266758 2322 919 60 80000 125000 12 16000 28659 12 16000 25000 12 16000 25000 12946
1791386218107348 5 0 5 0 5 5 0 0 0 0 0 0 0 0 0 0 140 140 140 0 140 0 0 0 17079709 131698 0 115811 30810 103078 398253284 1181829 85105 3318316089 3318316089 0 13536587173 0 750.054631 24 256 303184 284213 3119 1134 60 80000 125000 0 0 12948 12 16000 25000 12 16000 25000 12946
1791386218210795 0 0 0 0 0 5 5 5 0 0 0 0 0 0 0 0 140 140 140 0 140 0 0 0 17079709 131698 0 115811 30810 103078 398253284 1181829 85105 3318316089 3318316089 0 13536587173 0 750.054631 24 259 310531 289459 1086 1130 0 0 0 0 0 0 0 0 0 0 0 0 0
